0
-1016
-7236
-8420
-10744
-12032
-13156
-14576
-15716
-16904
-18056
-20248
-21448
-22720
-26096
-28376
-29528
-30632
-31752
-35100
-37308
-38416
-39432
-41668
-42880
-43956
-45184
-46252
-48428
-49492
-50536
-51608
-52716
-54988
-56028
-58260
-59408
-60468
-61552
-62684
-68180
-69276
-70112
-70900
-71808
-72812
-74852
-75836
-76760
-77760
-78744
-79820
-80860
-81820
-85900
-87056
-87928
-88876
-91092
-93048
-94040
-94948
-95844
-96676
-97768
-100616
-101568
-102628
-104424
-105568
-106584
-107472
-108512
-110480
-111400
-112264
-114076
-115104
-115892
-117776
-121596
-124540
-126408
-127316
-128192
-132744
-134464
-135384
-136196
-137756
-139380
-140264
-141216
-142180
-143144
-143884
-144688
-145680
-146668
-147436
-149248
-150200
-151056
-152684
-153404
-154220
-155980
-157564
-158448
-160084
-160828
-161628
-163428
-164368
-165224
-165976
-166804
-168552
-170164
-171020
-171808
-172604
-173448
-174312
-175116
-176820
-177648
-178356
-179168
-180776
-182352
-184880
-185740
-186484
-187952
-188724
-189472
-190792
-191660
-192484
-193296
-194092
-195024
-195844
-196616
-197264
-198152
-199564
-201184
-202672
-204196
-207112
-207812
-208632
-209960
-211252
-211956
-214076
-214700
-215480
-217076
-220868
-221656
-222352
-222988
-223720
-225092
-225856
-226548
-227136
-228488
-231284
-234036
-234752
-235408
-236784
-238144
-238944
-239568
-240272
-240880
-241664
-242308
-243696
-244260
-244856
-245540
-246072
-249276
-250040
-251272
-251948
-252472
-252980
-253660
-254364
-254984
-255580
-256300
-257540
-258184
-258988
-260148
-262860
-263364
-264000
-266964
-267664
-268340
-268972
-270692
-271392
-273088
-273740
-274372
-275016
-275536
-276080
-276776
-277412
-277972
-278396
-278956
-279616
-280992
-281516
-282908
-283484
-284048
-284456
-286292
-286788
-287388
-289640
-290212
-290884
-291464
-292532
-293164
-293700
-294284
-294920
-295544
-296148
-296748
-297140
-298800
-299412
-299924
-301564
-302136
-302680
-303224
-304136
-304640
-305144
-305800
-306388
-306924
-308060
-308656
-309188
-309808
-310360
-310872
-311352
-311912
-312316
-312868
-314312
-315032
-315640
-316232
-317400
-318440
-319460
-320996
-321428
-322996
-323640
-324556
-325524
-325984
-326928
-327416
-327912
-328740
-330804
-331252
-332148
-333668
-334228
-335176
-335648
-336572
-338780
-341696
-342244
-343196
-343564
-344160
-345072
-345836
-346148
-346596
-347492
-347992
-349496
-350404
-351408
-352280
-352796
-353064
-353452
-354768
-355272
-355776
-356136
-357120
-358680
-359152
-359736
-360772
-361640
-362112
-362672
-363104
-363424
-364044
-364512
-365412
-366476
-366984
-367428
-367852
-368224
-369124
-369592
-370572
-370996
-371236
-372352
-373404
-373868
-374344
-374728
-375960
-376440
-377656
-377896
-378332
-378808
-379304
-380368
-380780
-381172
-381588
-382644
-383056
-383424
-384012
-385188
-385584
-386832
-387584
-388428
-389132
-389480
-390168
-390644
-392548
-392976
-393200
-393732
-394688
-395120
-395536
-395968
-396300
-396620
-397108
-397552
-397980
-398672
-398948
-399240
-399684
-399984
-400444
-401336
-401812
-402924
-403236
-403904
-404624
-405360
-406264
-406668
-406944
-408980
-409328
-410140
-410500
-410864
-411292
-411628
-412080
-412740
-413152
-414156
-415032
-415892
-416124
-416464
-417216
-418052
-418428
-418888
-419472
-420268
-420660
-421060
-421440
-421704
-423112
-423460
-424560
-424808
-425172
-425416
-425908
-426360
-426600
-426948
-427200
-428752
-429052
-429416
-430924
-431228
-431932
-432584
-434136
-434524
-434884
-435152
-435408
-435780
-436020
-436384
-436784
-436976
-437528
-437816
-438168
-438396
-438732
-439004
-439384
-439772
-440384
-440748
-441128
-442756
-443080
-444432
-444940
-445740
-445996
-446648
-447336
-447668
-448088
-448428
-448728
-449064
-449492
-449900
-450340
-450492
-450944
-451220
-451660
-451808
-452168
-452548
-452984
-453688
-454076
-454416
-454748
-454964
-455832
-456416
-457676
-458196
-458720
-459304
-459520
-460336
-460504
-460752
-461032
-461512
-462100
-462896
-463172
-463480
-464768
-465624
-466016
-466288
-467316
-468292
-468832
-469708
-469900
-470524
-470856
-471108
-471548
-471828
-472000
-472368
-472504
-472792
-473092
-473360
-473660
-473996
-474280
-474488
-474800
-475048
-475788
-476188
-477064
-477668
-478156
-478516
-478848
-479052
-479288
-479516
-479780
-479972
-480140
-480408
-480520
-480812
-481468
-482112
-482312
-482472
-482764
-483004
-483320
-483616
-483924
-484056
-484308
-484896
-485284
-486096
-486296
-486404
-486632
-487192
-487676
-487896
-489060
-489416
-490108
-490268
-490544
-490976
-491204
-491600
-492644
-492812
-493044
-493264
-493684
-493924
-494572
-494848
-495236
-495636
-496416
-496984
-497136
-497456
-497960
-498308
-498760
-499088
-499584
-499800
-500240
-500608
-501020
-501240
-502040
-502248
-502520
-502764
-502896
-503260
-503692
-504052
-504328
-504856
-505052
-505284
-505472
-505920
-506108
-506336
-506536
-506724
-506912
-507196
-507636
-507724
-507928
-508496
-509256
-509552
-509848
-510068
-510320
-511952
-512200
-512324
-513128
-513360
-513528
-513552
-513756
-513936
-514216
-514724
-515408
-515656
-515856
-516164
-517356
-517532
-517788
-518652
-518832
-519088
-519328
-519780
-520220
-520364
-520644
-520864
-521232
-521968
-522292
-522540
-522720
-522888
-523116
-523548
-523896
-524656
-524832
-525024
-525260
-525648
-525844
-526796
-527092
-527832
-528112
-528232
-528536
-528856
-529088
-529304
-529612
-531356
-531548
-531824
-532940
-533192
-533348
-534140
-534512
-534720
-535088
-536088
-536356
-537156
-537440
-537544
-537656
-537760
-537928
-538132
-538380
-538428
-538588
-539000
-539368
-539508
-539784
-539956
-540384
-540492
-541492
-541680
-541980
-542096
-542396
-542680
-542840
-543608
-543868
-544036
-544216
-544412
-544800
-545036
-545356
-545564
-545928
-546344
-547020
-547148
-547268
-547332
-547508
-547672
-547916
-548096
-548168
-548792
-549076
-549576
-549752
-549900
-550068
-550200
-550404
-550940
-551100
-551232
-551624
-551928
-552276
-552444
-552660
-553160
-553376
-553600
-553840
-553996
-554784
-555376
-555368
-555796
-556176
-556344
-556760
-557084
-557200
-557968
-558160
-558300
-558320
-558480
-558652
-558740
-559384
-559604
-559704
-559828
-560404
-560828
-561228
-561388
-561832
-562288
-562636
-562748
-562908
-563104
-564240
-564324
-564732
-565432
-565632
-565848
-565996
-566108
-566196
-566544
-567004
-567212
-567992
-568280
-568496
-568800
-568948
-569292
-569544
-570056
-570240
-570348
-570696
-570928
-571088
-571108
-571364
-571552
-571580
-572940
-573612
-573784
-574344
-574540
-574932
-575196
-575836
-576008
-576252
-576740
-577240
-577440
-577488
-577716
-578180
-578516
-579008
-579080
-579196
-579788
-579976
-580432
-580532
-580704
-581440
-581576
-581856
-581984
-582520
-582644
-582880
-583068
-583240
-583376
-583720
-583976
-584132
-584212
-584240
-584532
-585312
-585468
-585772
-585928
-586476
-586544
-587008
-587180
-587472
-588292
-588448
-588720
-588756
-589292
-589372
-589484
-590000
-590388
-590880
-591260
-591488
-591904
-592060
-592080
-592332
-592676
-592788
-593036
-593600
-593692
-593752
-594264
-594344
-594764
-594908
-595160
-595976
-596076
-596388
-596648
-596656
-596732
-597100
-597236
-597284
-597440
-598220
-598612
-598700
-598720
-598936
-599516
-599968
-600108
-600524
-601240
-601396
-601428
-601552
-601632
-602216
-602472
-602588
-602820
-602864
-603124
-603352
-603472
-604044
-604248
-604424
-604792
-604888
-605440
-605584
-606000
-606220
-606396
-606484
-606788
-607208
-607696
-607820
-608180
-608304
-608756
-608732
-609176
-609240
-609720
-609812
-609996
-610080
-610148
-610524
-610632
-610720
-610980
-611088
-611280
-611464
-611540
-611644
-611676
-612108
-612124
-612212
-612648
-612780
-612940
-613096
-613368
-613668
-613876
-613968
-614060
-614276
-614432
-614812
-615532
-616132
-616240
-616580
-616736
-616844
-616932
-617296
-617424
-617556
-617764
-617964
-618068
-618340
-618372
-618524
-618856
-619168
-619476
-619552
-620388
-620676
-620880
-621088
-621256
-621276
-621472
-621608
-621668
-621884
-622036
-622540
-622884
-623068
-623060
-623164
-623264
-623740
-623968
-624164
-624216
-624400
-624448
-624588
-624964
-625272
-625396
-625700
-625768
-625780
-625900
-626120
-626132
-626304
-626420
-626560
-626740
-626752
-626996
-627040
-627464
-627732
-627840
-627760
-627796
-627840
-627944
-627960
-627920
-627920
-628388
-628528
-628684
-628824
-628992
-629088
-629348
-629384
-629756
-629888
-630212
-630344
-630496
-630608
-630668
-630724
-630756
-630896
-631280
-631364
-631396
-631580
-631844
-631968
-631984
-632156
-632148
-632856
-632936
-633176
-633540
-633712
-633752
-633936
-634088
-634188
-634244
-634428
-634580
-635132
-635364
-635484
-635636
-635740
-635888
-636036
-636220
-636380
-636480
-636872
-637136
-637380
-637568
-637768
-637896
-638104
-638364
-638332
-638484
-638632
-638692
-638856
-638884
-639104
-639188
-639400
-639444
-639500
-639780
-639816
-639796
-640232
-640696
-641044
-641228
-641332
-641416
-641556
-641700
-641624
-641800
-641972
-642088
-642148
-642276
-642380
-642712
-642804
-642844
-642892
-643036
-643148
-643272
-643324
-643472
-643760
-643896
-643980
-644152
-644248
-644352
-644688
-644832
-644940
-645000
-645268
-645408
-645844
-645880
-646208
-646316
-646400
-646468
-646568
-646688
-647000
-647140
-647044
-647184
-647416
-647568
-647884
-648216
-648484
-648464
-649012
-649160
-649272
-649524
-649940
-650248
-650212
-650540
-650620
-650736
-650904
-651092
-651312
-651588
-652024
-652100
-652164
-652212
-652572
-652596
-652700
-652968
-653128
-653364
-653416
-653528
-653560
-653888
-654236
-654472
-654560
-654616
-654628
-654712
-654780
-655044
-655376
-655944
-656324
-656304
-656556
-656932
-657052
-657136
-657404
-657560
-657756
-657756
-657972
-657936
-658400
-659540
-659816
-659956
-660024
-660128
-660336
-660580
-660692
-660820
-661120
-661336
-661236
-661744
-661772
-661744
-661944
-662032
-662184
-662232
-662536
-662632
-662792
-662824
-662848
-663104
-663200
-663236
-663324
-663456
-663668
-663816
-663872
-663928
-663928
-664048
-664120
-664048
-664056
-664160
-664228
-664720
-664760
-664976
-665036
-665552
-665784
-666004
-666296
-666372
-666424
-666532
-666544
-666704
-667120
-667200
-667352
-667612
-667548
-667596
-667704
-667848
-667940
-668116
-668212
-668188
-668328
-668824
-668932
-669104
-669184
-669180
-669412
-669552
-669664
-669892
-669980
-670124
-670260
-670552
-670668
-670700
-670840
-670912
-671024
-671060
-671268
-671516
-671660
-671860
-671976
-672008
-672008
-671920
-672076
-672400
-672556
-672596
-672616
-672628
-672748
-672812
-672832
-672872
-673064
-673196
-673364
-673632
-673664
-673680
-674080
-674072
-674088
-674228
-674372
-674528
-674568
-674772
-674872
-674960
-675152
-675452
-675600
-675628
-675512
-675572
-675696
-675724
-675840
-676152
-676248
-676384
-676480
-676512
-676700
-676800
-676936
-677024
-677124
-677188
-677256
-677308
-677204
-677276
-677248
-677336
-677612
-677680
-677828
-678032
-678268
-678416
-678736
-679088
-679164
-679096
-679216
-679444
-679508
-679736
-679732
-679748
-679772
-679792
-679804
-680172
-680352
-680580
-680676
-680888
-681036
-680968
-681172
-681216
-681552
-681908
-681864
-682004
-681988
-682244
-682272
-682304
-682520
-682728
-682748
-682848
-683140
-683240
-683448
-683788
-683932
-684404
-684600
-684660
-684700
-685052
-685200
-685208
-685264
-685416
-685512
-685940
-686068
-686032
-686056
-686044
-686048
-686024
-686188
-686352
-686352
-686376
-686680
-686744
-686812
-687012
-687228
-687400
-687508
-687688
-687724
-687924
-688048
-688396
-688684
-688852
-688868
-689036
-689128
-689104
-689128
-689140
-689352
-689300
-689540
-689744
-689808
-690116
-690204
-690240
-690228
-690224
-690344
-690300
-690612
-690784
-690856
-690948
-690968
-691264
-691448
-691484
-691536
-692112
-692372
-692388
-692412
-692300
-692336
-692520
-692560
-692688
-693012
-693288
-693324
-693440
-693756
-693796
-693848
-693916
-694004
-694080
-694456
-694536
-694568
-694616
-694924
-695060
-695320
-695392
-695804
-695764
-695872
-695900
-695928
-696228
-696244
-696628
-697140
-697256
-697300
-697268
-697324
-697328
-697216
-697124
-697272
-697340
-697644
-698132
-698236
-698312
-698628
-698636
-698528
-698576
-698632
-698812
-698740
-698976
-699004
-699048
-699024
-699072
-699236
-699384
-699356
-699452
-699780
-699944
-699992
-700000
-700208
-700124
-700472
-700444
-700652
-700788
-700832
-700964
-700948
-700952
-701232
-701232
-701288
-701372
-701424
-701668
-701736
-701800
-701900
-701892
-701772
-702176
-702272
-702692
-702860
-702984
-703104
-703280
-703304
-703592
-703712
-703700
-703756
-703592
-703848
-703980
-704080
-704168
-704380
-704440
-704540
-704544
-704492
-704480
-704600
-704708
-704688
-704772
-704900
-705004
-705268
-705292
-705228
-705220
-705352
-705528
-705684
-705704
-705712
-705700
-705760
-705928
-705928
-706356
-706428
-706396
-706776
-707152
-707204
-707252
-707332
-707548
-707560
-707736
-707936
-707948
-707988
-708152
-708304
-708436
-708808
-708828
-708900
-709052
-709028
-709076
-709132
-709200
-709192
-709324
-709300
-709224
-709540
-710112
-710376
-710544
-710640
-710624
-710704
-710808
-710792
-711012
-711076
-711160
-711132
-711288
-711376
-711448
-711400
-711592
-711692
-711624
-711648
-711696
-711824
-711916
-712148
-712200
-712280
-712376
-712352
-712432
-712844
-712660
-712768
-713000
-713212
-713452
-713612
-713688
-713572
-713516
-713472
-713576
-713800
-713832
-713772
-713844
-714124
-714272
-714292
-714400
-714632
-714732
-714792
-714868
-715024
-715556
-715340
-715412
-715528
-715696
-715728
-715692
-715648
-715672
-715672
-715652
-715736
-715908
-715944
-716412
-716608
-716624
-716672
-717072
-717152
-717220
-717264
-717456
-717536
-717572
-717516
-717616
-717764
-717716
-717760
-717732
-718040
-718292
-718488
-718436
-718448
-718540
-718712
-718732
-718684
-718696
-718740
-718608
-718632
-718608
-718760
-718868
-718928
-719064
-719056
-719324
-719396
-719500
-719424
-719508
-719412
-719448
-719584
-719652
-719612
-719628
-719800
-719676
-719688
-720076
-720080
-720112
-720028
-720188
-720272
-720468
-720520
-720720
-720664
-720648
-720904
-720968
-721088
-721284
-721272
-721288
-721348
-721612
-721828
-721864
-722108
-722144
-722200
-722180
-722264
-722268
-722388
-722216
-722328
-722416
-722340
-722392
-722860
-722764
-723084
-723264
-723240
-723232
-723104
-723196
-723208
-723436
-723504
-723576
-723596
-723800
-724108
-724128
-724112
-724336
-724208
-724140
-724208
-724344
-724508
-724716
-724876
-725200
-725332
-725512
-725560
-725516
-725564
-725508
-725492
-725860
-725972
-726028
-726088
-726004
-726164
-726148
-726312
-726332
-726388
-726816
-726840
-726888
-726924
-726916
-727040
-727052
-726972
-727216
-727368
-727480
-727452
-727360
-728236
-728108
-728084
-728056
-728204
-728156
-728456
-728448
-728376
-728504
-728488
-728448
-728504
-728520
-728552
-728496
-728420
-728544
-728528
-728524
-729048
-729412
-729476
-729496
-729488
-729552
-729580
-729772
-729796
-729852
-729900
-729932
-730028
-730236
-730368
-730548
-730376
-730484
-730668
-730824
-731032
-730916
-730992
-730912
-730832
-730844
-730876
-730956
-731092
-731320
-731308
-731372
-731380
-731364
-731468
-731368
-731216
-731236
-731352
-731276
-731384
-731560
-731504
-731460
-731464
-731572
-731572
-731600
-731776
-731964
-732040
-732156
-732280
-732452
-732620
-732620
-732712
-732836
-732904
-733004
-733012
-733012
-733152
-733300
-733472
-733576
-733664
-733748
-733824
-733864
-734156
-734408
-734404
-734436
-734344
-734392
-734272
-734468
-734696
-734780
-734836
-734940
-734920
-735072
-735016
-734992
-734992
-735036
-735068
-735228
-735296
-735456
-735436
-735396
-735456
-735612
-735564
-735488
-735384
-735384
-735484
-735660
-735780
-736404
-736380
-736328
-736280
-736356
-736420
-736460
-736560
-736624
-736600
-736544
-736520
-736712
-736660
-736708
-736684
-736824
-737036
-737072
-737008
-737024
-737216
-737232
-737224
-737200
-737352
-737348
-737436
-737700
-737904
-738004
-738080
-738176
-738116
-738144
-738176
-738340
-738476
-738600
-738784
-738812
-739040
-739148
-739324
-739472
-739568
-739424
-739476
-739544
-739496
-739592
-739536
-739524
-739556
-739488
-739476
-739532
-739664
-739708
-739728
-739736
-739876
-739796
-739856
-739932
-739996
-739808
-739860
-740012
-740088
-740468
-740760
-740784
-740696
-740836
-740796
-741088
-741148
-741132
-741236
-741608
-741752
-741808
-741764
-741764
-741772
-741860
-741836
-741788
-742360
-742432
-742644
-742592
-742648
-742664
-742636
-742640
-742740
-742884
-742964
-743236
-743324
-743412
-743372
-743404
-743408
-743528
-743712
-743796
-743712
-743756
-743764
-743828
-744000
-744280
-744220
-744268
-744264
-744348
-744428
-744524
-744604
-744636
-744760
-744768
-744948
-745052
-745132
-745256
-745320
-745284
-745224
-745252
-745260
-745400
-745400
-745552
-745572
-745504
-745452
-745320
-745380
-745292
-745292
-745356
-745456
-745392
-745352
-745320
-745320
-745416
-745548
-745680
-745784
-746140
-746112
-746192
-746176
-746304
-746112
-746016
-746076
-746096
-746020
-746060
-746288
-746376
-746516
-746424
-746344
-746476
-746588
-746716
-746748
-746808
-746836
-746956
-746968
-747000
-747088
-747044
-747188
-747180
-747100
-746940
-747124
-747252
-747036
-747028
-746900
-747024
-746960
-747048
-747104
-747316
-747428
-747500
-747608
-747712
-747808
-747648
-747616
-747712
-747668
-747740
-747656
-747612
-747688
-747684
-747888
-747776
-748124
-748080
-748164
-748200
-748296
-748308
-748220
-748220
-748296
-748348
-748424
-748336
-748360
-748216
-748272
-748232
-748120
-748068
-748124
-748200
-748236
-748212
-748204
-748228
-748276
-748164
-748304
-748212
-748140
-748072
-748172
-748148
-748152
-748264
-748228
-747948
-747792
-747796
-747812
-747800
-747696
-747640
-747592
-747740
-747640
-747576
-747624
-747640
-747776
-747604
-747664
-747796
-748000
-748068
-747932
-748076
-748048
-747984
-747960
-747928
-748024
-748360
-748412
-748484
-748448
-748356
-748308
-748504
-748516
-748632
-748852
-748852
-748784
-748732
-748828
-748764
-748708
-748744
-748756
-748788
-748932
-748868
-749048
-749012
-749132
-749408
-749372
-749384
-749424
-749640
-749692
-749656
-749712
-749660
-749760
-749740
-749716
-749640
-749508
-749572
-749732
-749808
-749784
-749980
-750048
-750220
-750336
-750524
-750404
-750400
-750284
-750564
-750724
-750788
-750832
-750864
-750884
-750960
-750928
-750880
-750952
-751044
-751052
-751052
-750856
-750808
-750880
-750812
-750816
-750848
-750952
-750964
-750976
-750952
-750872
-750876
-750832
-750924
-750748
-750728
-750788
-750880
-750648
-750460
-750448
-750500
-750668
-750568
-750640
-750692
-750924
-750892
-750984
-751180
-751132
-751212
-751232
-751296
-751168
-751280
-751320
-751632
-751696
-751772
-751756
-751852
-751916
-752160
-752228
-752464
-752444
-752560
-752756
-752912
-752972
-752848
-752872
-753036
-752968
-752820
-752652
-752696
-752664
-752644
-752628
-752772
-752656
-752568
-752704
-752956
-753144
-753164
-753344
-753324
-753384
-753328
-753360
-753428
-753504
-753668
-753840
-753956
-753924
-754132
-754212
-754208
-754152
-754216
-754272
-754240
-754176
-754132
-754212
-754220
-754524
-754576
-754364
-754472
-754544
-754404
-754360
-754372
-754172
-754132
-754100
-754296
-754336
-754248
-754232
-754200
-754268
-754336
-754460
-754452
-754620
-754560
-754616
-754584
-754656
-754688
-754652
-754612
-754692
-754688
-754808
-754812
-754872
-754812
-754820
-754768
-754944
-755076
-755208
-755264
-755256
-755336
-755268
-755308
-755160
-755284
-755280
-755256
-755164
-755180
-755116
-755044
-755224
-755344
-755464
-755488
-755416
-755464
-755460
-755424
-755340
-755352
-755440
-755356
-755612
-755572
-755472
-755476
-755368
-755476
-755596
-755608
-755756
-755928
-755896
-755868
-755924
-755896
-755988
-756068
-755908
-755884
-755848
-755872
-756096
-755988
-756024
-755980
-755836
-755912
-756016
-756108
-756052
-756080
-756180
-756184
-756112
-756088
-756004
-756044
-756108
-756032
-756076
-756136
-755948
-756076
-756100
-756008
-756016
-756224
-756116
-756148
-756256
-756404
-756412
-756384
-756332
-756316
-756324
-756428
-756452
-756552
-756680
-756880
-757012
-757000
-756936
-756948
-756876
-756808
-756876
-757124
-757300
-757248
-757156
-757364
-757428
-757400
-757476
-757536
-757628
-757596
-757748
-757684
-757612
-757416
-757476
-757732
-757748
-757868
-757764
-757688
-757716
-757768
-757924
-757940
-758080
-758056
-758272
-758384
-758440
-758092
-758604
-758452
-758452
-758400
-758448
-758352
-758344
-758420
-758508
-758520
-758624
-758692
-758632
-758596
-758636
-758508
-758596
-758692
-758652
-758704
-758700
-758700
-758556
-758464
-758336
-758348
-758420
-758436
-758444
-758608
-758536
-758516
-758428
-758600
-758724
-758868
-759024
-759276
-759412
-759324
-759340
-759332
-759472
-759228
-759356
-759364
-759452
-759524
-759408
-759432
-759272
-759428
-759344
-759256
-759420
-759352
-759460
-759452
-759544
-759480
-759484
-759548
-759604
-759596
-759792
-759884
-759812
-759652
-759636
-759712
-759772
-759692
-760212
-760360
-760344
-760472
-760356
-760408
-760400
-760316
-760324
-760424
-760272
-760248
-760192
-760260
-760324
-760400
-760436
-760508
-760448
-760404
-760388
-760756
-760820
-760712
-760876
-760804
-760836
-760928
-761172
-761304
-761224
-761112
-761188
-761328
-761456
-761600
-761664
-761600
-761692
-761624
-761564
-761612
-762032
-762060
-762100
-762044
-762156
-762036
-762176
-762176
-762144
-762224
-762224
-762256
-762216
-762228
-762260
-762384
-762496
-762476
-762480
-762268
-762044
-762092
-762188
-762216
-762252
-762348
-762272
-762224
-762164
-762216
-762100
-762044
-762080
-762180
-762252
-762324
-762396
-762416
-762392
-762376
-762412
-762308
-762528
-762628
-762808
-762936
-763208
-763196
-763176
-763004
-763172
-763320
-763364
-763424
-763380
-763352
-763448
-763508
-763464
-763396
-763308
-763428
-763480
-763456
-763452
-763432
-763508
-763840
-763964
-763948
-763884
-763864
-763748
-763824
-763940
-763912
-763900
-764032
-764024
-764240
-764480
-764336
-764380
-764468
-764520
-764684
-764524
-764624
-764700
-764744
-764880
-764852
-764820
-764896
-764800
-764908
-764932
-765240
-765236
-765212
-765228
-765148
-765180
-765168
-765248
-765348
-765404
-765412
-765388
-765352
-765488
-765416
-765436
-765420
-765364
-765416
-765468
-765320
-765332
-765720
-765748
-765756
-765748
-765688
-766088
-766068
-766208
-766272
-766324
-766416
-766228
-766312
-766320
-766440
-766388
-766356
-766448
-766552
-766684
-766632
-766672
-766636
-766732
-766756
-766720
-766936
-766940
-766932
-766880
-766752
-766720
-766780
-766844
-766776
-766840
-767028
-767012
-767024
-767080
-767100
-766880
-767020
-766912
-766856
-766952
-766828
-766916
-766644
-766760
-766876
-766760
-766792
-766664
-766644
-766660
-766584
-766592
-766444
-766496
-766440
-766400
-766440
-766416
-766768
-766792
-766872
-767060
-767108
-767148
-767136
-767532
-767456
-767448
-767468
-767532
-767528
-767336
-767344
-767368
-767600
-767648
-767788
-767804
-767848
-767940
-767956
-767988
-767728
-767784
-767736
-767852
-767936
-767836
-767844
-768048
-768128
-767968
-767944
-768032
-767988
-767992
-767960
-767972
-767844
-767964
-767976
-768064
-768196
-768268
-768360
-768412
-768320
-768392
-768464
-768652
-768744
-769040
-769000
-769020
-768992
-769052
-769016
-769112
-769120
-769332
-769280
-769232
-769092
-769132
-769112
-769216
-769004
-769000
-769004
-769028
-768996
-769172
-769160
-769140
-769068
-769044
-769020
-769144
-769320
-769368
-769260
-769164
-769392
-769360
-769348
-769296
-769384
-769408
-769516
-769508
-769576
-769460
-769488
-769524
-769436
-769712
-769760
-769788
-769936
-769980
-770052
-770060
-770220
-770232
-770160
-770280
-770164
-770144
-770120
-770164
-770112
-770112
-770048
-770108
-770656
-770644
-770640
-770800
-770668
-770588
-770516
-770408
-770516
-770456
-770648
-770644
-770656
-770720
-770812
-770804
-770700
-770560
-770608
-770640
-770792
-770892
-770856
-770808
-770832
-770796
-770696
-770632
-770724
-770736
-770852
-770968
-770956
-771096
-771236
-771236
-771344
-771404
-771516
-771460
-771368
-771340
-771160
-771300
-771260
-771204
-771080
-771052
-771136
-771196
-771196
-771180
-771164
-771324
-771244
-771152
-771232
-771352
-771280
-771208
-771072
-771136
-771064
-771148
-771116
-771184
-771312
-771272
-771248
-771324
-771336
-771260
-771360
-771248
-771264
-771224
-771352
-771368
-771096
-771056
-771012
-771144
-771224
-771372
-771196
-770960
-770920
-770948
-771104
-771400
-771400
-771364
-771112
-771176
-771176
-771184
-771196
-771176
-771300
-771376
-771480
-771716
-771628
-771452
-771552
-771804
-771836
-771808
-771840
-771808
-771908
-771876
-772004
-772080
-772184
-772192
-772060
-772060
-772124
-772156
-772184
-772180
-772168
-772164
-772160
-772260
-772192
-772292
-772296
-772272
-772320
-772296
-772208
-772344
-772352
-772220
-772264
-772552
-772604
-772584
-772608
-772756
-772932
-772812
-772844
-772984
-773000
-773056
-773200
-773472
-773432
-773396
-773312
-773344
-773352
-773512
-773536
-773572
-773520
-773580
-773608
-773596
-773596
-773564
-773648
-773716
-773768
-773692
-773624
-773808
-773880
-773948
-773908
-773796
-773624
-773520
-773532
-773444
-773420
-773468
-773500
-773464
-773416
-773516
-773660
-773596
-773656
-773652
-773820
-773740
-773660
-773740
-773668
-773660
-773508
-773600
-773600
-773824
-773848
-773800
-773828
-773744
-773996
-774044
-774060
-774268
-774268
-774384
-774640
-774556
-774448
-774452
-774480
-774664
-774716
-774580
-774684
-774684
-774688
-774536
-774556
-774636
-774748
-774916
-774936
-774812
-774992
-774788
-774816
-774672
-774664
-775124
-775224
-775260
-775240
-775232
-775268
-775248
-775316
-775280
-775200
-775148
-775012
-775196
-775184
-775160
-775160
-775156
-775244
-775152
-775228
-775232
-775288
-775468
-775472
-775504
-775424
-775572
-775608
-775440
-775568
-775668
-775756
-775804
-775668
-775736
-775740
-775812
-775764
-775872
-776056
-775816
-775872
-775776
-775780
-775884
-775932
-775968
-776032
-776052
-776108
-775984
-776068
-776072
-776100
-775868
-775896
-776196
-776236
-776220
-776504
-776360
-776324
-776292
-776204
-776212
-776260
-776128
-776116
-776324
-776460
-776404
-776684
-776732
-776812
-777012
-776932
-777068
-777112
-777176
-777144
-777152
-777232
-777216
-777300
-777296
-777284
-777476
-777400
-777476
-777476
-777344
-777264
-777160
-776984
-776812
-776712
-776576
-776552
-776428
-776408
-776372
-776316
-776400
-776464
-776672
-776572
-776400
-776408
-776468
-776444
-776448
-776496
-776496
-776360
-776528
-776452
-776492
-776484
-776432
-776340
-776564
-776664
-776592
-776652
-776660
-776520
-776444
-776612
-776608
-776856
-776808
-776704
-776616
-776732
-776792
-776692
-776648
-776592
-776584
-776672
-776796
-776652
-776504
-776168
-776136
-776152
-776148
-776112
-776160
-776160
-776280
-776324
-776448
-776508
-776660
-776572
-776556
-776508
-776720
-776800
-776492
-776296
-776288
-776284
-776432
-776168
-776180
-776272
-776152
-776172
-776200
-776192
-776208
-776212
-776544
-776548
-776436
-776348
-776396
-776576
-776376
-776440
-776508
-776524
-776576
-776684
-776632
-776560
-776824
-776612
-776612
-776760
-776716
-776748
-776900
-776732
-776588
-776672
-776640
-776640
-776540
-776628
-776892
-776884
-777020
-777092
-777548
-777508
-777420
-777464
-777600
-777664
-777856
-777904
-777964
-777988
-777932
-778052
-778180
-778200
-778152
-778084
-778196
-778316
-778408
-778356
-778308
-778444
-778320
-778100
-777928
-777860
-777856
-777832
-777708
-777496
-777528
-777392
-777388
-777524
-777640
-777732
-777764
-777840
-777844
-777916
-778060
-778112
-778124
-778264
-778408
-778476
-778492
-778732
-778680
-778516
-778432
-778384
-778416
-778272
-778260
-778208
-778208
-778620
-778640
-778648
-778692
-778584
-778636
-778708
-778732
-778588
-778428
-778392
-778296
-778428
-778584
-778420
-778404
-778392
-778312
-778356
-778360
-778408
-778592
-778636
-778408
-778412
-778352
-778312
-778292
-778096
-778096
-778124
-778160
-777936
-777824
-778072
-777972
-778004
-777916
-778112
-778148
-778176
-778244
-778408
-778376
-778452
-778476
-778392
-778576
-778656
-778756
-778816
-779036
-779180
-779324
-779244
-779332
-779272
-779276
-779364
-779268
-779532
-779524
-779524
-779836
-779916
-779868
-779884
-780112
-780216
-780296
-780244
-780248
-780336
-780416
-780488
-780548
-780548
-780372
-780516
-780512
-780668
-780660
-780832
-781036
-780964
-780920
-780844
-780852
-780888
-780956
-780944
-780996
-780992
-780876
-781016
-781080
-781004
-780972
-780976
-781064
-781144
-781120
-781112
-780872
-780800
-780736
-780684
-780620
-780628
-780656
-780616
-780744
-780944
-780988
-780904
-780940
-781076
-781016
-780996
-781092
-781204
-781088
-781204
-781216
-781044
-780964
-780876
-780884
-780832
-780940
-781008
-780868
-780832
-780808
-780876
-780996
-780992
-780956
-781052
-781112
-780912
-780872
-780940
-780868
-780936
-781000
-781040
-780944
-780932
-780936
-780808
-780980
-781044
-781104
-781268
-781356
-781712
-781724
-781600
-781572
-781236
-781288
-781372
-781492
-781632
-781652
-781588
-781616
-781548
-781600
-781648
-781752
-781708
-781580
-781896
-781924
-782104
-781924
-782012
-782112
-782048
-781944
-781884
-781804
-781964
-782048
-782156
-782020
-782052
-781852
-781944
-781832
-782016
-781888
-781792
-781784
-781724
-781764
-781868
-781748
-781832
-781800
-781856
-781892
-781968
-782092
-782204
-782168
-782152
-782312
-782264
-782336
-782192
-782128
-782144
-782280
-782272
-782372
-782484
-782448
-782340
-782344
-782312
-782396
-782236
-782332
-781884
-781924
-781984
-781928
-781884
-781884
-782036
-781988
-781832
-781796
-781820
-781768
-781712
-781792
-781852
-781828
-781852
-781908
-782072
-782136
-782180
-782204
-782128
-782172
-782244
-782144
-782332
-782404
-782312
-782268
-782216
-782320
-782216
-782052
-781952
-781924
-781976
-781916
-782008
-782232
-782384
-782364
-782360
-782356
-782492
-782536
-782564
-782608
-782596
-782384
-782452
-782444
-782228
-782296
-782380
-782432
-782348
-782416
-782312
-782332
-782280
-782200
-782232
-782288
-782140
-782392
-782312
-782284
-782284
-782356
-782208
-782268
-782300
-782184
-782144
-782140
-782204
-782252
-782408
-782396
-782424
-782480
-782480
-782284
-782240
-782052
-782016
-782008
-782260
-782348
-782424
-782440
-782380
-782336
-782436
-782452
-782600
-782644
-782724
-782684
-782764
-782816
-782960
-782760
-782708
-782652
-782568
-782620
-782680
-782780
-782896
-782840
-782728
-782772
-782812
-782916
-782964
-782880
-782888
-783004
-783032
-783216
-783336
-783416
-783420
-783368
-783340
-783404
-783360
-783460
-783460
-783344
-783444
-783368
-783432
-783260
-783152
-783188
-783144
-783272
-783300
-783476
-783464
-783560
-783488
-783556
-783448
-783520
-783516
-783552
-783632
-783660
-783776
-783724
-783568
-783636
-783592
-783612
-783612
-783516
-783416
-783456
-783436
-783392
-783424
-783516
-783564
-783544
-783596
-783672
-783844
-783916
-783864
-783884
-783916
-783924
-783968
-784016
-784020
-784124
-784208
-784228
-784268
-784324
-784328
-784376
-784364
-784364
-784076
-784276
-784136
-783988
-783936
-783852
-783908
-784004
-783940
-783908
-783896
-784160
-784164
-784124
-784316
-784360
-784532
-784468
-784488
-784676
-784664
-784552
-784864
-784932
-785128
-784948
-784872
-784944
-784904
-784796
-784924
-784980
-784980
-785200
-785244
-785272
-785264
-785220
-785220
-785184
-785232
-785244
-785260
-785296
-785280
-785228
-785128
-785116
-785060
-785212
-785264
-785464
-785588
-785656
-785356
-785288
-785312
-785324
-785428
-785776
-785384
-785408
-785352
-785296
-785256
-785388
-785452
-785568
-785512
-785624
-785596
-785708
-785748
-785868
-785812
-785796
-785884
-785668
-785680
-785780
-785992
-785996
-785796
-786024
-785940
-785968
-785952
-785872
-785724
-785820
-785824
-785692
-785724
-785928
-785952
-786048
-786084
-786216
-786100
-786160
-786112
-786060
-785964
-785920
-785860
-785860
-785792
-785876
-785796
-785780
-785788
-785900
-785796
-785672
-785752
-785644
-785520
-785388
-785412
-785344
-785492
-785516
-785464
-785516
-785592
-785588
-785340
-785280
-785224
-785108
-785204
-785176
-785020
-785068
-785036
-785040
-785128
-785112
-785144
-785252
-785152
-785156
-785052
-784972
-785084
-785124
-785240
-785160
-785328
-785316
-785344
-785228
-785268
-785424
-785632
-785388
-785448
-785540
-785432
-785416
-785444
-785452
-785372
-785360
-785428
-785496
-785424
-785460
-785324
-785400
-785144
-785064
-785032
-785092
-785020
-784996
-785172
-785188
-785084
-785364
-785360
-785400
-785404
-785528
-785412
-785332
-785308
-785428
-785416
-785276
-785308
-785276
-785128
-785160
-784924
-784892
-784912
-784904
-784864
-784740
-784772
-784848
-784992
-784952
-785000
-785116
-785204
-784976
-784924
-785120
-785212
-785160
-785016
-785056
-785088
-785148
-785092
-784948
-784868
-784832
-784800
-784712
-784660
-784608
-784636
-784836
-784604
-784748
-784644
-784628
-784508
-784536
-784600
-784608
-784772
-784656
-784828
-784868
-785072
-785148
-785256
-784888
-785016
-784932
-784992
-785120
-785180
-785088
-784836
-784904
-785008
-785032
-784988
-785044
-785012
-784952
-784736
-784788
-784760
-784780
-784904
-785136
-785280
-785376
-785452
-785408
-785304
-785420
-785344
-785200
-785104
-784992
-784832
-784880
-784896
-784868
-784936
-784804
-784768
-784812
-784928
-784960
-784852
-784944
-784744
-784712
-784684
-784672
-784724
-784704
-784668
-784720
-784876
-784936
-784924
-784752
-784672
-784572
-784720
-784748
-784728
-784624
-784976
-784912
-785124
-785264
-785152
-785076
-785116
-785192
-785088
-784852
-785060
-784992
-785084
-785168
-785112
-784980
-785000
-784956
-785120
-785080
-785180
-785344
-785468
-785468
-785484
-785548
-785496
-785556
-785572
-785576
-785628
-785752
-785732
-785672
-785496
-785428
-785432
-785672
-785804
-785796
-785660
-785652
-785688
-785860
-785908
-786128
-786248
-786200
-786112
-786172
-786216
-786388
-786572
-786612
-786552
-786408
-786288
-786268
-786400
-786240
-786244
-786404
-786576
-786524
-786592
-786660
-786592
-786548
-786440
-786652
-786448
-786436
-786324
-786480
-786384
-786300
-786396
-786476
-786560
-786584
-786732
-786680
-786764
-786720
-786680
-786780
-786748
-786692
-786792
-786840
-787120
-787140
-787016
-787076
-787060
-787092
-787128
-787136
-787092
-787264
-787320
-787300
-787276
-787392
-787344
-787392
-787420
-787432
-787356
-787420
-787440
-787360
-787144
-787100
-787324
-787256
-787332
-787336
-787244
-787116
-787096
-786872
-786776
-786716
-786692
-786660
-786736
-786672
-786496
-786384
-786580
-786744
-786632
-786480
-786532
-786484
-786388
-786280
-786252
-786204
-786388
-786488
-786536
-786580
-786672
-786596
-786500
-786792
-786820
-786844
-786928
-786924
-787016
-787036
-786980
-786916
-786956
-786888
-786952
-787020
-787032
-787036
-787104
-786976
-787036
-787016
-787116
-787068
-787132
-787196
-787004
-786980
-786900
-786924
-786828
-786848
-786896
-786996
-786900
-786988
-787052
-787056
-787164
-787096
-787036
-786852
-786872
-786956
-786924
-786924
-786888
-786640
-786404
-786404
-786488
-786484
-786520
-786696
-786636
-786672
-786724
-786836
-786944
-786976
-786984
-786936
-786860
-786844
-786924
-787008
-786892
-786920
-786960
-787076
-787072
-787076
-787212
-787320
-787324
-787388
-787344
-787400
-787664
-787516
-787320
-787336
-787572
-787728
-787568
-787504
-787684
-787672
-787716
-787728
-787728
-787824
-787948
-787860
-787912
-787916
-787888
-787884
-787832
-787796
-787820
-787684
-787764
-787776
-787760
-787872
-787792
-787820
-787776
-787920
-787852
-788156
-788244
-788148
-788448
-788476
-788440
-788628
-788644
-788584
-788688
-788572
-788432
-788412
-788480
-788620
-788692
-788688
-788748
-788760
-788828
-788836
-788720
-788848
-788936
-789196
-789152
-789120
-789200
-789240
-789348
-789424
-789428
-789440
-789604
-789660
-789568
-789560
-789552
-789544
-789636
-789772
-789932
-790000
-789988
-790068
-790104
-790184
-790296
-790320
-790324
-790336
-790116
-790100
-790052
-789984
-789884
-789892
-789968
-789908
-789980
-789864
-789988
-789768
-789896
-790012
-789928
-790100
-790120
-789936
-790008
-789956
-789988
-790016
-790020
-789984
-790260
-790196
-790072
-790068
-790108
-790096
-790248
-790180
-790172
-790128
-789972
-790072
-789992
-789960
-790068
-790072
-790164
-790208
-790308
-790216
-790172
-790372
-790492
-790360
-790312
-790188
-790096
-789912
-790028
-790076
-790164
-790336
-790128
-790040
-790112
-789968
-790220
-790112
-790040
-789996
-790028
-790076
-789828
-789696
-789756
-789584
-789552
-789404
-789448
-789464
-789400
-789468
-789352
-789400
-789272
-789300
-789264
-789236
-789300
-789192
-789100
-788996
-789028
-788940
-788872
-788716
-788676
-788712
-788464
-788436
-788644
-788660
-788860
-788968
-788948
-789096
-789148
-789284
-789348
-789280
-789276
-789168
-789208
-789152
-789220
-789184
-789096
-789000
-789092
-789012
-788940
-789004
-788952
-788928
-788784
-788888
-789080
-788992
-788992
-789024
-789360
-789296
-789220
-789304
-789276
-789440
-789476
-789472
-789576
-789548
-789632
-789668
-789724
-789800
-789904
-789768
-789760
-789792
-789896
-789920
-789860
-789984
-790044
-790016
-789924
-790072
-790300
-790284
-790336
-790452
-790480
-790576
-790584
-790628
-790960
-791016
-791052
-790992
-790944
-790792
-790704
-790780
-790800
-790856
-790728
-790632
-790680
-790640
-790720
-790676
-790696
-790560
-790448
-790444
-790396
-790388
-790340
-790420
-790552
-790620
-790588
-790404
-790332
-790368
-790372
-790280
-790164
-790380
-790348
-790372
-790540
-790572
-790672
-790652
-790644
-790780
-790648
-790940
-790832
-790816
-790744
-790692
-790764
-790716
-790644
-790504
-790568
-790536
-790448
-790380
-790372
-790492
-790580
-790464
-790560
-790568
-790596
-790356
-790504
-790480
-790504
-790580
-790556
-790368
-790296
-790172
-790252
-790196
-790232
-790184
-790084
-790052
-790068
-790060
-790004
-789832
-789736
-789808
-789696
-789608
-789688
-789744
-789848
-789948
-789916
-790020
-790060
-790044
-790088
-790008
-789856
-789904
-790084
-790076
-790084
-790120
-790312
-790300
-790036
-789992
-789908
-789680
-789756
-789740
-789804
-789716
-789572
-789536
-789480
-789484
-789480
-789356
-789292
-789364
-789452
-789144
-789212
-789336
-789416
-789328
-789464
-789544
-789624
-789204
-789192
-789020
-788912
-788884
-789012
-788984
-789096
-789064
-788944
-788860
-788756
-788848
-788728
-788824
-788792
-788908
-788772
-788724
-788712
-788676
-788628
-788668
-788528
-788548
-788484
-788492
-788556
-788472
-788480
-788332
-788084
-788260
-788152
-788112
-787992
-788004
-787948
-787808
-788024
-787984
-787904
-787764
-787804
-787704
-787600
-787448
-787348
-787308
-787352
-787436
-787508
-787464
-787552
-787560
-787540
-787632
-787296
-787180
-787252
-787272
-787576
-787572
-787544
-787648
-787740
-787684
-787736
-787752
-787716
-787708
-787832
-787800
-788040
-787988
-787932
-787928
-787836
-787720
-787812
-787780
-787732
-787724
-787776
-787720
-787896
-787848
-787864
-788144
-788288
-788264
-788176
-788124
-788044
-787972
-788048
-788124
-788296
-788408
-788464
-788572
-788720
-788540
-788536
-788604
-788428
-788288
-788280
-788448
-788328
-788392
-788320
-788428
-788656
-788544
-788380
-788232
-788192
-788072
-788080
-788000
-787840
-787784
-787856
-787912
-787812
-787868
-787856
-787856
-787924
-787852
-787920
-788036
-787948
-787952
-787996
-788140
-787908
-787924
-787888
-787836
-787812
-787832
-787788
-787784
-787848
-787788
-787936
-788088
-788016
-787988
-788120
-788260
-788260
-788220
-788240
-788116
-787968
-788012
-788072
-788080
-787972
-788020
-788148
-788184
-788288
-788160
-788132
-788136
-788112
-788068
-788076
-788064
-788100
-788156
-787956
-787996
-788028
-788008
-787972
-787896
-788008
-787968
-788132
-787680
-787624
-787564
-787652
-787500
-787552
-787856
-787916
-788004
-788060
-788120
-788224
-788408
-788328
-788408
-788392
-788464
-788548
-788672
-788472
-788360
-788416
-788476
-788572
-788672
-788664
-788748
-788976
-788956
-789136
-789152
-789252
-789384
-789448
-789568
-789260
-789080
-789172
-789392
-789432
-789500
-789572
-789544
-789528
-789600
-789564
-789460
-789432
-789436
-789532
-789612
-789840
-789764
-789896
-789816
-789776
-789816
-789812
-789768
-789736
-789800
-789652
-789660
-789712
-789744
-789824
-789784
-789832
-789744
-789628
-789608
-789636
-789644
-789608
-789696
-789712
-789660
-789704
-789744
-789676
-789792
-789928
-789868
-789864
-789916
-789900
-789848
-789704
-789628
-789576
-789476
-789212
-789244
-789180
-789020
-789040
-788992
-789100
-789320
-789380
-789300
-789360
-789284
-789136
-789280
-789080
-789244
-789164
-789036
-789144
-789120
-789040
-788884
-788820
-788828
-788708
-788672
-788592
-788596
-788608
-788748
-788832
-788892
-789144
-789176
-789256
-789524
-789600
-789708
-789852
-789860
-789924
-789984
-790084
-790040
-790084
-790060
-790172
-790136
-789784
-789848
-789876
-789804
-789812
-789996
-790044
-790016
-789940
-789988
-789916
-789872
-789720
-789600
-789608
-789644
-789556
-789624
-789676
-789656
-789632
-789684
-789620
-789572
-789544
-789408
-789280
-789188
-789136
-789100
-788916
-788772
-788752
-788648
-788568
-788608
-788500
-788600
-788628
-788688
-788720
-788892
-788824
-788760
-788756
-788836
-788792
-788864
-788916
-789044
-789160
-789060
-789044
-789136
-789200
-789140
-788996
-789048
-789264
-789328
-789308
-789228
-789096
-788912
-788824
-788788
-788692
-788652
-788656
-788620
-788664
-788184
-788220
-788184
-788192
-788408
-788404
-788296
-788184
-788320
-788408
-788516
-788412
-788652
-788684
-788760
-788712
-788684
-788604
-788752
-788624
-788508
-788464
-788320
-788316
-788352
-788444
-788512
-788480
-788416
-788456
-788532
-788524
-788520
-788648
-788676
-788692
-788480
-788848
-788952
-788948
-789068
-788992
-789164
-789260
-789436
-789408
-789224
-789224
-789120
-788964
-789084
-789032
-789124
-788868
-788936
-789160
-789160
-788968
-789132
-789100
-789040
-789072
-789020
-789092
-789116
-789188
-789340
-789308
-789620
-789780
-789764
-789832
-789792
-789872
-789872
-789880
-789844
-789752
-789704
-789884
-789804
-789728
-789896
-789896
-789932
-789892
-789916
-789668
-789616
-789500
-789664
-789604
-789668
-789668
-789844
-789884
-789836
-789720
-789800
-789856
-789912
-789940
-789984
-790392
-790384
-790436
-790608
-790552
-790688
-790840
-790816
-790912
-790920
-790800
-790680
-790604
-790472
-790540
-790460
-790808
-790744
-790732
-790568
-790324
-790396
-790464
-790492
-790548
-790668
-790672
-790840
-791096
-791080
-790936
-790980
-790892
-791052
-791080
-791044
-791040
-791064
-791104
-791180
-790864
-790988
-790968
-791020
-790744
-790664
-790516
-790668
-790680
-790804
-790676
-790712
-790708
-790716
-790564
-790572
-790640
-790764
-790812
-790816
-790880
-790972
-790972
-790872
-790756
-790756
-790592
-790672
-790652
-790444
-790408
-790304
-790204
-790124
-790116
-790040
-790072
-789992
-790080
-789972
-790124
-790280
-790320
-790356
-790452
-790532
-790536
-790640
-790696
-790744
-790844
-791176
-791188
-791120
-791112
-791100
-791152
-791412
-791352
-791380
-791432
-791468
-791780
-791980
-791952
-791936
-792012
-792088
-791924
-791956
-791752
-791716
-791756
-791884
-792168
-792272
-792200
-792396
-792348
-792396
-792568
-792552
-792612
-792704
-792704
-792676
-792516
-792340
-792456
-792416
-792416
-792508
-792452
-792608
-792520
-792636
-792568
-792548
-792384
-792308
-792328
-792332
-792248
-792320
-792208
-792180
-792428
-792240
-792412
-792228
-792264
-792240
-792264
-792204
-792276
-792128
-792016
-792104
-792028
-791916
-791916
-792136
-792020
-791884
-791780
-791856
-791964
-791824
-791808
-792120
-792456
-792484
-792564
-792852
-792676
-792704
-792840
-792784
-792720
-792760
-792520
-792612
-792592
-792492
-792416
-792540
-792644
-792676
-792636
-792744
-792744
-792928
-792800
-792676
-792752
-792896
-792764
-792848
-792852
-792804
-792700
-792804
-792792
-792692
-792752
-792844
-792684
-792576
-792628
-792716
-792672
-792564
-792348
-792480
-792600
-792648
-792916
-792840
-792948
-792804
-792708
-792544
-792500
-792532
-792596
-792440
-792340
-792504
-792480
-792420
-792508
-792460
-792620
-792600
-792612
-792620
-792532
-792484
-792368
-792360
-792444
-792356
-792296
-792440
-792396
-791972
-791944
-792032
-792144
-792108
-792136
-792064
-792040
-792020
-792108
-792016
-792104
-792300
-792308
-792136
-792428
-792472
-792140
-792240
-792268
-792048
-791816
-791792
-791816
-791880
-791888
-791760
-791868
-791996
-792012
-792124
-792152
-792228
-792128
-792220
-792352
-792436
-792524
-792744
-792904
-792836
-792876
-792992
-793184
-793156
-793140
-793108
-793056
-792928
-792856
-792764
-792724
-792616
-792452
-792328
-792168
-791964
-791956
-791844
-791752
-791652
-791672
-791572
-791484
-791520
-791576
-791488
-791412
-791372
-791532
-791652
-791596
-791460
-791420
-791600
-791556
-791288
-791224
-791148
-791152
-790828
-790644
-790728
-790680
-790660
-790680
-790640
-790616
-790636
-790668
-790584
-790916
-790888
-790992
-791244
-791316
-791464
-791400
-791328
-791328
-791480
-791456
-791352
-791404
-791408
-791304
-791360
-791388
-791360
-791448
-791544
-791376
-791316
-791288
-791364
-791340
-791376
-791284
-791344
-791348
-791388
-791400
-791572
-791440
-791440
-791248
-791416
-791444
-791492
-791476
-791420
-791596
-791692
-791660
-791652
-791524
-791732
-791456
-791504
-791568
-791412
-791376
-791312
-791332
-791388
-791336
-791364
-791348
-791476
-791512
-791480
-791484
-791632
-791624
-791628
-791224
-791192
-791548
-791620
-791284
-791212
-791304
-791204
-791224
-791316
-791324
-791228
-791272
-791308
-791212
-791172
-791184
-791092
-791036
-791108
-791196
-791560
-791400
-791460
-791264
-791200
-791264
-791276
-791296
-791164
-791132
-790980
-790868
-791036
-791144
-791072
-791036
-791356
-791384
-791532
-791532
-791440
-791416
-791504
-791368
-791580
-791712
-791732
-791548
-791572
-791644
-791644
-791908
-791928
-792148
-792176
-791996
-791892
-791976
-791880
-791820
-791852
-791976
-792012
-791932
-792472
-792448
-792640
-792732
-792752
-792556
-792564
-792632
-792540
-792464
-792380
-792308
-792268
-792332
-792280
-792256
-792312
-792272
-792400
-792124
-792200
-792224
-792300
-792352
-792392
-792356
-792476
-792400
-792364
-792268
-792164
-792072
-792000
-791948
-792040
-791876
-791848
-791948
-791784
-791604
-791792
-791800
-791836
-791760
-791788
-791816
-791868
-791612
-791612
-791588
-791628
-791640
-791480
-791476
-791700
-791640
-791788
-792056
-792084
-792152
-792112
-792024
-792180
-792292
-792372
-792460
-792528
-792556
-792628
-792636
-792576
-792748
-792556
-792648
-792748
-792876
-792776
-792680
-792784
-792948
-792928
-793020
-792980
-793216
-793244
-793176
-793396
-793444
-793476
-793552
-793284
-793312
-793376
-793464
-793424
-793312
-793116
-793228
-793084
-793120
-793132
-793032
-793068
-792916
-793008
-793072
-792968
-792876
-793080
-793180
-793124
-793176
-793164
-792952
-792908
-792932
-792760
-792664
-792692
-792676
-792760
-792708
-792684
-792488
-792644
-792604
-792628
-792480
-792532
-792508
-792656
-792548
-792600
-792692
-792704
-792700
-792728
-792760
-792784
-792856
-792860
-792852
-792888
-793200
-793312
-793260
-793588
-793564
-793568
-793592
-793624
-793784
-793848
-793840
-793916
-793912
-793964
-793840
-793916
-793892
-794160
-794448
-794496
-794392
-794384
-794428
-794488
-794476
-794456
-794408
-794504
-794416
-794312
-794304
-794344
-794256
-794192
-794232
-794296
-794332
-794416
-794360
-794368
-794448
-794452
-794296
-794224
-794376
-794408
-794356
-794328
-794388
-794484
-794620
-794636
-794684
-794772
-794708
-794840
-794840
-795108
-795156
-795000
-794884
-794832
-794856
-794844
-794832
-794836
-794812
-794776
-794612
-794548
-794564
-794672
-794724
-794816
-794764
-794832
-794912
-794960
-795052
-795036
-795128
-795120
-795120
-795116
-795164
-795188
-795140
-795064
-795208
-795428
-795524
-795528
-795652
-795784
-795748
-795656
-795660
-795860
-795892
-795908
-795992
-796004
-796096
-796052
-796048
-795896
-795908
-795700
-795824
-795704
-795700
-795892
-795828
-795972
-795932
-795912
-795872
-795800
-795852
-795912
-795968
-795888
-795688
-795676
-795664
-795628
-795728
-795620
-795576
-795512
-795444
-795388
-795232
-795284
-795136
-795160
-795084
-795300
-795224
-795180
-795156
-795040
-795132
-795112
-795036
-794888
-794752
-794744
-794728
-794716
-794728
-794824
-794816
-794748
-794676
-794720
-794776
-794884
-794932
-794908
-794972
-795152
-795112
-795048
-794900
-794936
-794880
-794932
-794784
-794620
-794612
-794568
-794628
-794696
-794768
-794844
-794776
-794824
-794976
-795000
-794980
-795008
-794960
-794908
-794936
-795040
-794920
-794940
-795000
-795320
-795208
-795108
-795100
-795040
-794708
-794792
-794832
-795036
-794944
-795004
-794936
-794812
-795036
-794924
-795068
-795120
-795196
-795260
-795112
-795124
-795048
-795056
-795216
-795208
-795216
-795168
-795164
-795056
-795152
-795452
-795492
-795348
-795388
-795464
-795508
-795436
-795416
-795588
-795748
-795812
-795792
-795976
-796040
-795992
-796040
-795992
-795964
-795976
-796336
-796328
-796216
-796044
-796092
-796252
-796100
-796000
-796012
-796196
-796228
-796196
-796284
-796456
-796484
-796260
-796208
-796224
-796236
-796188
-796032
-796064
-796072
-796144
-796180
-796080
-796068
-796160
-796068
-796028
-795956
-796052
-796100
-796200
-796052
-796108
-796088
-796156
-796284
-796368
-796280
-796268
-796328
-796360
-796660
-796712
-796820
-796952
-796976
-797096
-797044
-796912
-797000
-796940
-796976
-796916
-796956
-796924
-796948
-796924
-796980
-796888
-796840
-796860
-796992
-797068
-797168
-797172
-797144
-797088
-797092
-797012
-796960
-796944
-796848
-796848
-796844
-796864
-796844
-796880
-796968
-797060
-797064
-797116
-797192
-797204
-797092
-797092
-797244
-797312
-797120
-797340
-797376
-797468
-797500
-797480
-797480
-797560
-797620
-797616
-797832
-797900
-797900
-797672
-797600
-797652
-797636
-797684
-797500
-797432
-797224
-797032
-796916
-796948
-796952
-796788
-796872
-796884
-796896
-796748
-796504
-796492
-796552
-796520
-796468
-796516
-796592
-796560
-796524
-796384
-796384
-796240
-796272
-796492
-796500
-796640
-796688
-796952
-796952
-797000
-797076
-797352
-797376
-797428
-797404
-797368
-797264
-797124
-797148
-797104
-797080
-797100
-797096
-797036
-797060
-796916
-796980
-797104
-797004
-797056
-796928
-796896
-796836
-796852
-796816
-796924
-796948
-796768
-796780
-796808
-796828
-796828
-796876
-796884
-796972
-797128
-797260
-796916
-797032
-796944
-797024
-796912
-796988
-796732
-796976
-797040
-797096
-796916
-796964
-796900
-796780
-796868
-796984
-796872
-796808
-796720
-796936
-797072
-797076
-796976
-797352
-797316
-797312
-797288
-797324
-797300
-797148
-797132
-797096
-797052
-796948
-796988
-796876
-796916
-796844
-796820
-796804
-796852
-796880
-796928
-797056
-796968
-796956
-797052
-796904
-796980
-796844
-796872
-796828
-796760
-796664
-796644
-796700
-796692
-796760
-796720
-796812
-796764
-796488
-796468
-796452
-796456
-796456
-796328
-796280
-796156
-796128
-796152
-796196
-796304
-796192
-796236
-796136
-796148
-796232
-796180
-796048
-796140
-796100
-796228
-796264
-796424
-796228
-796248
-796184
-796160
-796308
-796024
-795996
-795824
-795952
-795904
-795796
-795756
-795720
-795812
-795784
-795860
-795884
-796052
-796144
-796116
-796148
-796060
-796232
-796184
-796144
-796468
-796804
-796832
-796780
-796820
-796720
-796992
-796928
-796956
-797120
-797064
-797052
-797224
-797240
-797284
-797336
-797320
-797432
-797384
-797444
-797412
-797436
-797372
-797256
-797264
-797160
-797088
-796900
-796920
-796968
-796972
-797036
-797136
-797284
-797156
-796920
-796828
-796776
-796744
-796564
-796460
-796656
-796668
-796688
-796812
-796832
-796732
-796864
-796900
-797120
-797124
-796720
-796656
-796644
-796604
-796636
-796512
-796624
-796560
-796504
-796392
-796376
-796564
-796512
-796440
-796448
-796508
-796540
-796668
-796576
-796596
-796512
-796564
-796596
-796476
-796376
-796380
-796188
-796116
-796356
-796372
-796468
-796484
-796408
-796388
-796500
-796360
-796400
-796652
-796652
-796568
-796604
-796596
-796596
-796716
-796832
-796784
-796684
-796628
-796452
-796512
-796568
-796560
-796560
-796556
-796608
-796616
-796640
-796704
-796668
-796676
-796748
-796636
-796680
-796460
-796496
-796496
-796528
-796516
-796532
-796424
-796392
-796332
-796344
-796500
-796392
-796452
-796464
-796432
-796444
-796476
-796504
-796480
-796660
-796576
-796688
-796676
-796648
-796624
-796400
-796532
-796664
-796596
-796764
-796720
-796764
-796800
-796908
-796680
-796816
-796848
-796836
-796808
-796684
-796568
-796496
-796424
-796448
-796504
-796512
-796568
-796476
-796408
-796380
-796420
-796580
-796588
-796748
-796896
-796832
-796944
-797320
-797424
-797476
-797356
-797384
-797344
-797376
-797420
-797392
-797468
-797536
-797460
-797224
-797252
-797224
-797216
-797308
-797432
-797364
-797524
-797504
-797452
-797620
-797496
-797404
-797424
-797524
-797704
-797668
-797760
-797864
-797856
-797776
-797820
-797960
-797912
-797812
-797788
-797844
-797756
-797652
-797524
-797876
-797972
-797984
-797996
-797920
-797884
-797912
-797900
-798152
-798124
-798204
-798240
-798252
-798248
-798396
-798716
-798660
-798612
-798616
-798464
-798440
-798760
-798732
-798836
-798756
-798908
-798904
-798976
-798684
-798716
-798828
-798708
-798912
-798900
-798840
-798700
-798624
-798504
-798472
-798608
-798552
-798612
-798612
-798480
-798428
-798272
-798364
-798504
-798640
-798740
-798844
-798548
-798572
-798580
-798812
-798800
-798652
-798620
-798620
-798620
-798672
-798680
-798848
-798860
-798680
-798664
-798748
-798876
-799088
-799240
-799224
-799248
-799292
-799168
-799120
-799100
-799072
-799172
-798924
-798940
-798956
-798844
-798732
-798704
-798848
-798832
-798796
-798864
-798788
-798952
-798996
-798972
-798916
-798936
-798960
-798912
-798984
-798900
-798824
-798784
-798828
-798880
-798952
-799100
-799116
-799104
-799064
-799164
-799136
-799464
-799404
-799264
-799300
-799356
-799208
-799140
-799248
-799236
-799216
-799292
-799268
-799288
-799256
-799272
-799408
-799228
-799156
-799264
-799276
-799216
-799320
-799296
-799108
-799068
-798988
-798908
-798856
-798840
-798392
-798484
-798532
-798424
-798304
-798192
-798200
-798256
-798236
-798252
-798364
-798200
-798128
-798212
-798444
-798528
-798388
-798516
-798540
-798508
-798660
-798740
-798692
-798636
-798732
-798740
-798600
-798716
-798692
-798904
-799108
-799116
-799296
-799196
-799116
-799064
-799136
-799100
-799092
-799108
-799004
-798988
-798980
-798680
-798680
-798888
-798868
-798824
-798716
-798808
-798832
-798724
-798748
-798640
-798788
-798828
-799016
-798964
-798908
-798632
-798648
-798612
-798724
-798784
-798768
-798908
-799084
-799212
-799120
-799272
-799156
-799076
-799048
-799088
-798856
-799136
-799172
-799180
-798972
-799044
-799092
-799116
-799116
-798916
-799104
-799060
-799032
-799092
-799028
-799024
-799112
-799208
-799364
-799416
-799484
-799440
-799700
-799784
-799784
-799680
-799592
-799720
-799212
-799096
-799604
-799436
-799292
-799172
-799100
-799208
-799300
-799116
-799236
-799344
-799532
-799340
-799272
-799300
-799404
-799516
-799624
-799688
-799764
-799704
-799600
-799652
-799776
-799788
-799780
-799864
-799876
-799896
-799864
-799888
-799644
-799664
-799528
-799612
-799576
-799764
-799816
-799848
-799948
-799912
-799892
-799904
-799900
-799848
-799732
-799736
-799628
-799620
-799684
-799544
-799572
-799460
-799580
-799708
-799708
-799640
-799532
-799664
-799468
-799484
-799460
-799420
-799288
-799348
-799312
-799292
-799244
-799264
-799148
-799312
-799368
-799348
-799220
-799244
-799240
-799280
-799312
-799392
-799476
-799596
-799564
-799564
-799668
-799712
-799796
-799708
-799680
-799648
-799752
-799696
-799528
-799436
-799392
-799544
-799600
-799772
-799832
-799772
-800004
-800200
-800384
-800280
-800332
-800224
-800220
-800140
-800024
-800264
-800208
-800284
-800320
-800472
-800408
-800536
-800464
-800552
-800508
-800520
-800312
-800396
-800264
-800032
-799748
-799732
-799780
-799816
-799992
-800096
-800184
-800184
-800392
-800608
-800632
-800716
-800836
-800860
-800800
-800696
-800732
-800588
-800572
-800620
-800616
-800548
-800532
-800748
-800840
-800872
-800852
-800712
-800672
-800704
-800636
-800724
-800680
-800708
-800428
-800220
-800176
-800204
-800096
-799936
-800128
-799956
-800020
-799984
-799944
-799836
-799736
-799648
-799696
-799656
-799552
-799428
-799700
-799748
-799788
-800092
-800120
-799676
-799868
-799736
-799908
-799948
-800068
-800200
-800228
-800140
-800236
-800116
-799988
-800084
-800044
-800020
-799752
-799828
-799968
-799780
-799748
-799552
-799516
-799636
-799604
-799468
-799484
-799492
-799356
-799308
-799216
-799280
-799276
-799240
-799192
-799132
-798928
-798860
-798764
-798812
-798784
-798844
-798888
-798876
-798820
-798840
-798884
-798900
-799060
-799120
-799140
-799160
-799332
-799172
-799340
-799496
-799508
-799456
-799508
-799372
-799384
-799184
-799108
-799036
-799060
-799032
-799016
-798984
-799108
-799016
-798856
-798916
-798892
-798768
-798656
-798740
-798688
-798784
-798876
-798852
-798788
-798732
-798572
-798564
-798604
-798596
-798672
-798560
-798756
-798740
-798732
-798620
-798576
-798760
-798628
-798508
-798544
-798636
-798592
-798488
-798488
-798480
-798408
-798448
-798376
-798420
-798496
-798408
-798444
-798540
-798700
-798708
-798756
-798860
-798712
-798832
-799256
-799336
-799256
-799320
-799276
-799196
-799200
-799180
-799080
-798788
-798632
-798856
-798840
-798788
-798764
-798996
-799088
-799008
-798956
-798748
-799060
-799248
-799024
-799052
-799020
-799020
-798888
-798924
-798936
-798832
-798904
-798872
-798876
-798640
-798700
-798728
-798796
-798836
-798732
-798612
-798600
-798612
-798576
-798736
-798624
-798668
-798784
-798744
-798820
-798888
-798960
-799076
-799108
-799016
-798948
-798956
-799076
-799052
-798964
-798920
-798860
-798968
-798812
-798896
-799076
-799264
-799352
-799576
-799592
-799712
-799568
-799448
-799340
-799244
-799396
-799444
-799520
-799752
-799720
-799572
-799692
-799684
-799660
-799972
-799992
-799924
-799892
-799924
-800048
-800052
-800040
-799912
-799832
-799772
-799744
-799720
-799696
-799660
-799880
-799796
-799836
-799956
-799848
-799760
-799852
-799804
-799920
-799900
-799832
-799964
-800004
-800052
-800028
-800196
-800236
-800200
-800264
-800136
-800152
-800288
-800320
-800344
-800456
-800468
-800372
-800336
-800324
-800364
-800328
-800428
-800556
-800524
-800548
-800596
-800404
-800388
-800340
-800300
-800140
-800240
-800220
-800160
-800428
-800140
-800064
-800048
-800088
-800096
-800028
-800152
-800136
-800208
-800308
-800208
-800240
-800440
-800392
-800464
-800492
-800676
-800768
-800760
-800876
-800844
-800524
-800460
-800780
-800764
-800744
-800888
-801060
-801164
-801076
-800952
-801256
-801216
-801224
-801380
-801264
-801284
-801152
-801124
-801104
-801172
-801128
-801048
-800896
-800896
-800724
-800532
-800604
-800556
-800536
-800480
-800500
-800484
-800636
-800604
-800432
-800436
-800436
-800484
-800548
-800500
-800596
-800588
-800740
-800892
-800772
-800712
-800720
-800736
-800768
-800648
-800512
-800040
-799868
-799880
-799888
-799776
-799908
-799848
-799748
-799720
-799616
-799740
-799728
-799776
-799676
-799768
-799760
-799604
-799636
-799592
-799664
-799636
-799808
-799680
-799740
-799648
-799624
-799596
-799596
-799512
-799548
-799512
-799472
-799560
-799504
-799592
-799568
-799752
-799696
-799756
-799724
-799488
-799356
-799324
-799332
-799380
-799408
-799396
-799356
-799244
-799344
-799356
-799332
-799208
-799220
-799248
-799264
-799356
-799344
-799260
-799360
-799332
-799084
-798940
-798896
-798728
-798852
-798860
-798848
-798856
-798856
-798924
-798876
-798768
-798612
-798788
-798872
-798860
-798816
-798768
-798624
-798788
-798576
-798752
-798848
-798892
-798932
-798896
-798900
-799124
-799164
-799272
-799364
-799240
-799224
-799188
-799252
-799204
-799076
-799196
-799232
-799064
-799104
-799036
-799320
-799468
-799528
-799512
-799500
-799508
-799484
-799432
-799408
-799308
-799304
-799428
-799360
-799324
-799468
-799496
-799460
-799288
-799376
-799672
-799664
-799644
-799772
-799892
-799936
-799868
-799984
-799972
-799876
-799712
-799716
-799660
-799804
-799808
-799628
-799692
-799732
-799728
-799660
-799600
-799544
-799576
-799516
-799448
-799344
-799412
-799348
-799412
-799380
-799380
-799360
-799040
-799032
-798868
-798896
-798824
-799248
-799152
-799096
-798952
-798852
-798904
-798892
-798816
-798840
-798760
-798840
-798900
-798976
-799024
-799168
-799128
-799140
-798968
-799340
-799320
-799248
-799236
-799300
-799244
-799300
-799276
-799248
-799240
-799032
-798796
-798892
-798812
-798516
-798564
-798540
-798728
-798808
-798860
-799124
-799128
-799256
-799148
-799216
-799252
-799064
-799104
-799076
-799024
-799116
-799164
-799076
-799108
-799236
-799332
-799368
-799332
-799380
-799348
-799348
-799372
-799212
-799272
-799324
-799256
-799152
-799120
-798956
-798872
-798812
-798728
-798752
-798752
-798696
-798668
-798660
-798612
-798676
-798796
-798804
-798832
-798964
-799032
-799112
-799020
-798940
-798880
-798652
-798668
-798660
-798612
-798364
-798300
-798308
-798300
-798404
-798616
-798800
-798836
-798892
-798924
-798936
-798856
-798764
-798776
-798676
-798512
-798572
-798580
-798504
-798636
-798724
-798740
-798700
-798704
-798484
-798608
-798640
-798740
-798620
-798500
-798448
-798308
-798340
-798424
-798488
-798460
-798464
-798364
-798300
-798356
-798220
-798220
-798288
-798280
-798340
-798400
-798436
-798344
-798156
-798212
-798096
-798148
-798104
-798128
-798224
-798204
-798160
-798244
-798224
-798300
-798236
-798332
-798388
-798348
-798336
-798192
-798272
-798256
-798316
-798492
-798572
-798788
-798892
-799120
-798948
-798960
-799144
-799144
-799192
-799044
-799044
-798992
-799064
-799352
-799492
-799548
-799628
-799520
-799612
-799620
-799416
-799400
-799460
-799536
-799472
-799472
-799416
-799368
-799412
-799408
-799348
-799340
-799332
-799340
-799440
-799380
-799536
-799468
-799620
-799692
-799596
-799712
-799644
-799632
-799632
-799632
-799424
-799360
-799440
-799336
-799256
-799264
-799288
-799208
-799096
-798932
-798956
-798804
-798732
-798780
-798672
-798668
-798700
-798440
-798644
-798708
-798984
-798952
-798828
-798844
-798772
-798628
-798872
-798932
-798924
-799008
-798852
-798740
-798592
-798744
-798640
-798708
-798572
-798576
-798544
-798440
-798468
-798536
-798636
-798540
-798580
-798640
-798680
-798672
-798660
-798652
-798536
-798460
-798328
-798308
-798560
-799160
-799180
-799156
-799108
-799100
-799108
-799176
-799104
-799276
-799276
-799260
-799196
-799268
-799248
-799344
-799064
-798892
-798968
-798860
-799004
-798932
-798804
-798764
-798904
-798952
-799092
-799148
-799316
-799316
-799256
-799172
-799052
-799108
-798972
-798924
-798828
-798936
-798928
-799016
-799052
-798984
-798732
-798660
-798640
-798768
-798600
-798608
-798568
-798608
-798672
-798712
-798596
-798704
-798760
-798752
-798480
-798472
-798352
-798380
-798400
-798468
-798496
-798588
-798708
-798640
-798724
-798836
-798824
-798904
-798864
-798720
-798564
-798636
-798672
-798588
-798652
-798588
-798700
-798696
-798720
-798660
-798568
-798484
-798380
-798256
-798324
-798384
-798416
-798436
-798420
-798480
-798660
-798700
-798776
-798600
-798624
-798628
-798540
-798656
-798696
-798600
-798624
-798616
-798844
-798832
-798804
-798732
-798652
-798808
-798736
-798700
-798552
-798492
-798424
-798196
-798164
-798228
-798196
-798228
-798216
-797980
-797848
-798076
-798216
-798196
-798256
-798136
-797940
-797992
-797964
-798080
-798052
-798136
-798208
-798136
-798072
-798032
-798096
-798052
-797980
-797924
-797920
-797820
-797820
-797832
-797872
-797664
-797652
-797640
-797556
-797596
-797660
-797704
-797904
-797876
-797804
-797772
-797952
-797988
-797908
-797832
-797868
-797656
-797648
-797624
-797680
-797544
-797636
-797676
-797580
-797648
-797580
-797508
-797564
-797500
-797444
-797716
-797564
-797512
-797600
-797436
-797460
-797448
-797492
-797404
-797272
-797288
-797320
-797340
-797416
-797476
-797496
-797540
-797692
-797484
-797440
-797496
-797576
-797540
-797456
-797460
-797276
-797364
-797620
-797644
-797648
-797688
-797724
-797684
-797704
-797800
-797704
-797620
-797680
-797632
-797472
-797396
-797392
-797240
-797260
-797056
-797124
-797056
-797220
-797176
-796960
-796900
-796912
-796956
-796968
-796980
-797184
-797028
-797084
-797032
-797076
-796776
-796804
-796672
-796624
-796636
-796844
-796776
-796832
-796760
-796792
-796760
-796772
-796616
-796532
-796556
-796532
-796592
-796536
-796360
-796396
-796116
-796232
-796096
-796140
-796408
-796368
-796400
-796352
-796304
-796288
-796368
-796360
-796424
-796368
-796492
-796500
-796464
-796688
-796600
-796616
-796440
-796380
-796644
-796748
-796636
-796804
-796780
-796708
-796644
-796644
-796596
-796636
-796508
-796532
-796552
-796512
-796504
-796516
-796332
-796392
-796368
-796400
-796368
-796476
-796420
-796176
-796000
-796084
-796084
-796032
-796120
-796076
-796168
-796328
-796364
-796324
-796404
-796320
-796272
-796128
-796004
-795816
-795772
-796068
-795744
-795800
-795660
-795688
-795696
-795776
-795816
-795716
-795792
-795844
-795724
-795936
-795976
-795960
-795916
-795892
-795844
-795836
-795700
-795640
-795740
-795912
-795908
-795920
-795976
-796004
-795944
-796032
-795968
-795980
-796000
-795916
-795848
-795824
-795796
-795900
-795880
-795816
-795840
-795880
-796004
-796128
-796100
-796204
-796168
-796020
-795976
-795952
-796052
-796160
-796096
-796296
-796292
-796264
-796296
-796308
-796400
-796512
-796528
-796492
-796512
-796960
-796776
-796912
-797060
-797152
-797292
-797432
-797488
-797468
-797540
-797532
-797852
-797924
-797920
-797988
-798152
-798088
-798132
-798244
-798312
-798320
-798348
-798292
-798168
-798080
-798340
-798504
-798560
-798548
-798432
-798556
-798496
-798436
-798540
-798616
-798924
-798756
-798740
-798812
-798724
-798736
-798588
-798436
-798400
-798260
-798300
-798268
-798324
-798376
-798420
-798388
-798224
-798096
-798556
-798532
-798564
-798332
-798424
-798256
-798152
-798148
-798172
-798204
-798188
-798188
-798080
-797992
-797904
-797876
-797932
-797632
-797620
-797624
-797600
-797624
-797584
-797444
-797416
-797364
-797180
-797224
-797204
-796992
-796868
-796784
-796784
-796724
-796672
-796616
-796516
-796456
-796388
-796440
-796084
-796084
-795916
-795812
-795704
-795628
-795596
-795660
-795652
-795672
-795636
-795388
-795296
-795292
-795256
-795416
-795440
-795268
-795304
-795260
-795160
-795096
-795128
-795248
-795316
-795392
-795420
-795564
-795484
-795520
-795552
-795580
-795528
-795680
-795760
-795688
-795652
-795688
-795676
-795712
-795684
-795716
-795696
-795768
-795552
-795628
-795708
-795728
-795684
-795740
-796132
-796136
-796232
-796280
-796240
-796272
-796244
-796288
-796204
-796280
-796224
-796164
-796256
-796384
-796412
-796356
-796144
-796200
-796176
-796284
-796300
-796316
-796304
-796400
-796352
-796456
-796700
-796668
-796584
-796640
-796636
-796800
-796620
-796608
-796728
-796656
-796772
-796704
-796668
-796772
-796852
-796916
-796844
-796688
-796560
-796612
-796580
-796860
-796844
-797104
-797096
-797136
-797240
-797328
-797388
-797204
-797216
-797204
-797260
-797288
-797300
-797764
-797640
-797716
-797656
-797724
-797608
-797556
-797544
-797588
-797700
-797640
-797588
-797504
-797360
-797256
-797324
-797256
-797404
-797288
-797100
-797200
-797308
-797404
-797352
-797468
-797172
-797232
-797144
-797156
-797580
-797380
-797268
-797260
-797396
-797184
-797112
-796904
-796844
-796840
-797004
-797060
-797140
-797204
-797132
-797104
-797136
-797132
-797076
-797116
-797000
-796896
-797056
-797136
-797248
-797304
-797140
-797288
-797572
-797600
-797648
-797680
-797696
-797572
-797604
-797584
-797560
-797600
-797684
-797712
-797592
-797700
-797636
-797716
-797648
-797648
-797784
-797756
-797708
-797756
-797748
-797716
-797760
-797896
-797696
-797696
-797672
-797584
-797640
-797624
-797600
-797464
-797296
-797356
-797340
-797380
-797396
-797460
-797672
-797664
-797768
-797652
-797440
-797548
-797560
-797420
-797384
-797464
-797552
-797576
-797416
-797316
-797384
-797328
-797536
-797768
-797844
-797944
-798044
-798068
-798184
-798244
-798304
-798288
-798260
-798356
-798396
-798404
-798308
-798416
-798252
-798268
-798172
-798184
-798108
-798240
-798256
-798284
-798412
-798368
-798468
-798176
-798480
-798368
-798372
-798572
-798600
-798648
-798508
-798496
-798512
-798464
-798496
-798432
-798584
-798604
-798428
-798532
-798620
-798560
-798432
-798448
-798420
-798168
-798112
-798192
-798220
-798192
-798288
-798236
-798148
-798184
-798260
-798284
-798348
-798096
-798200
-798184
-798136
-798140
-798200
-798212
-798156
-798108
-797964
-797856
-797908
-797828
-797796
-797936
-797748
-797844
-798016
-797920
-797864
-798040
-798016
-797876
-798016
-798108
-797940
-797888
-797956
-797976
-797948
-797900
-798028
-798000
-797760
-797900
-797936
-798052
-798144
-798008
-797992
-798032
-797932
-797588
-797496
-797440
-797368
-797156
-797048
-796956
-797188
-797104
-797140
-797024
-796972
-796872
-796992
-796944
-796968
-796972
-796968
-796868
-797008
-797160
-797036
-797044
-797204
-797156
-797168
-797124
-797012
-797008
-797008
-797036
-797016
-797108
-797356
-797332
-797476
-797292
-797272
-797312
-797360
-797236
-797296
-797188
-797352
-797496
-797532
-797588
-797556
-797604
-797544
-797488
-797484
-797548
-797528
-797448
-797520
-797528
-797568
-797636
-797500
-797444
-797520
-797288
-797216
-797212
-797212
-797240
-797260
-797384
-797384
-797936
-797856
-797784
-797880
-797972
-797980
-797704
-797740
-797612
-797784
-798236
-798372
-798420
-798176
-798236
-798236
-798124
-798120
-798188
-798196
-798272
-798304
-798360
-798492
-798700
-798660
-798700
-798688
-798696
-798648
-798776
-798696
-798720
-798676
-798600
-798636
-798620
-798540
-798584
-798628
-798692
-798300
-798368
-798584
-798604
-798568
-798624
-798656
-798724
-798660
-798484
-798464
-798512
-798708
-798828
-798684
-798652
-798752
-798712
-798320
-798384
-798416
-798436
-798412
-798368
-798488
-798312
-798320
-798532
-798444
-798456
-798664
-798912
-799132
-799148
-799196
-799236
-799204
-799220
-799080
-799064
-798956
-799120
-799172
-799060
-799040
-798928
-798828
-798908
-799052
-798940
-799004
-799044
-798864
-798816
-798684
-798692
-798448
-798280
-798244
-798316
-798460
-798472
-798476
-798368
-798284
-798308
-798392
-798376
-798484
-798560
-798732
-798596
-798780
-798760
-798596
-798532
-798400
-798432
-798564
-798372
-798484
-798532
-798508
-798576
-798604
-798560
-798544
-798556
-798560
-798552
-798488
-798584
-798488
-798456
-798596
-798636
-798476
-798452
-798368
-798376
-798380
-798312
-798360
-798392
-798352
-798368
-798440
-798388
-798184
-798064
-798188
-798224
-798288
-798288
-798248
-798264
-798252
-798504
-798500
-798492
-798596
-798620
-798456
-798488
-798440
-798372
-798256
-798232
-798508
-798464
-798420
-798444
-798352
-798364
-798316
-798372
-798436
-798656
-798564
-798512
-798564
-798584
-798592
-798388
-798380
-798400
-798448
-798476
-798584
-798684
-799036
-798940
-798924
-798668
-798644
-798848
-798720
-798760
-798948
-798868
-798800
-798800
-798800
-798740
-798712
-798740
-798688
-798720
-798744
-798788
-798948
-799028
-798796
-798872
-798852
-798792
-798656
-798624
-798632
-798580
-798804
-798808
-798872
-798984
-798952
-798908
-798840
-798996
-798948
-798944
-798872
-798988
-798984
-798968
-799008
-799080
-798980
-798960
-798956
-799048
-799028
-799148
-799148
-799208
-799060
-798924
-798884
-799016
-799104
-799172
-799180
-799196
-799064
-799008
-799056
-798932
-798908
-798916
-798908
-798840
-798972
-798768
-798712
-798684
-798596
-798640
-798540
-798712
-798464
-798444
-798400
-798104
-798088
-798076
-798024
-797944
-797936
-798156
-798244
-798404
-798292
-798336
-798368
-798508
-798528
-798596
-798796
-798560
-798616
-798556
-798552
-798616
-798656
-798748
-798848
-798964
-799064
-799176
-799344
-799188
-799088
-798932
-798988
-799004
-799012
-798916
-798940
-798832
-798628
-798732
-798696
-798696
-798720
-798896
-798952
-798892
-798956
-798992
-799008
-799108
-799004
-798728
-798888
-798940
-798916
-798988
-798944
-798936
-798900
-798992
-798924
-799004
-798976
-798912
-798956
-798972
-799208
-798996
-798856
-798716
-798816
-798824
-798856
-798744
-798684
-798640
-798672
-798620
-798532
-798532
-798668
-798812
-798848
-798928
-798920
-798884
-798912
-798852
-798792
-798716
-798816
-798656
-798708
-798560
-798340
-798304
-798372
-798516
-798584
-798688
-798604
-798588
-798588
-798568
-798592
-798572
-798804
-798904
-798864
-798800
-798828
-798784
-798812
-798900
-798860
-798968
-799084
-799112
-799056
-798964
-798916
-798980
-799084
-799080
-799324
-799264
-799184
-799484
-799532
-799580
-799704
-799616
-799828
-799828
-799776
-799860
-799992
-799848
-799848
-799780
-799856
-799432
-799452
-799484
-799304
-799272
-799368
-799376
-799124
-799100
-799088
-799060
-799084
-798980
-798864
-798852
-798984
-799080
-799128
-799112
-799028
-799048
-799176
-799172
-799104
-799344
-799560
-799308
-799176
-799504
-799656
-799740
-799920
-799772
-799836
-799800
-799748
-799684
-799632
-799544
-799508
-799448
-799432
-799516
-799572
-799612
-799576
-799416
-799236
-799156
-799096
-799088
-799284
-799260
-799248
-799264
-799240
-799500
-799476
-799504
-799524
-799664
-799724
-799764
-799684
-799840
-799788
-799916
-799840
-799784
-800048
-800268
-800464
-800480
-800520
-800556
-800472
-800576
-800552
-800616
-800648
-801012
-800992
-800816
-800772
-800876
-800756
-800464
-800576
-800596
-800424
-800324
-800296
-800200
-800220
-800284
-800576
-800528
-800356
-800220
-800060
-800156
-800172
-800160
-800152
-800156
-800116
-800188
-800108
-800008
-799996
-799980
-800072
-800156
-800208
-800052
-799984
-799956
-799884
-799832
-799832
-799724
-799760
-799704
-799624
-799624
-799640
-800020
-800052
-800168
-799988
-800072
-800064
-800180
-800088
-800104
-799980
-799960
-800028
-800068
-800124
-800188
-800040
-800172
-800116
-800064
-800088
-800120
-800176
-800200
-800264
-800068
-799916
-799764
-799796
-799712
-799580
-799512
-799628
-799480
-799752
-799448
-799596
-799780
-799888
-799700
-799752
-799776
-799840
-799836
-799940
-799980
-800200
-800384
-800608
-800640
-800500
-800348
-800404
-800548
-800552
-800480
-800564
-800344
-800252
-800332
-800376
-800360
-800180
-799992
-799872
-799932
-799856
-799492
-799336
-799380
-799356
-799340
-799188
-799284
-799232
-799000
-799060
-799196
-799308
-799160
-799296
-799372
-799236
-799160
-799312
-799412
-799368
-799416
-799556
-799564
-799328
-799304
-799164
-799148
-799268
-799248
-799260
-799312
-799360
-799348
-799356
-799008
-798864
-798700
-798660
-798760
-798744
-798800
-799000
-798824
-798860
-798808
-798684
-798828
-798880
-798844
-799020
-799220
-799232
-799080
-799108
-799188
-798828
-798844
-798820
-798936
-798788
-798692
-798616
-798656
-798780
-798464
-798328
-798292
-798168
-798160
-797972
-798012
-798000
-798084
-798228
-798316
-798148
-798160
-798204
-798156
-798284
-798412
-798448
-798356
-798384
-798380
-798364
-798292
-798248
-798240
-798176
-798160
-797928
-798048
-797980
-798148
-798116
-798068
-798324
-798444
-798492
-798584
-798712
-798676
-798644
-798524
-798460
-798580
-798696
-798480
-798444
-798504
-798484
-798468
-798476
-798368
-798460
-798424
-798416
-798460
-798604
-798612
-798536
-798428
-798812
-798928
-798932
-798796
-798876
-798992
-798972
-798992
-798976
-799192
-799020
-798652
-798440
-798412
-798272
-798140
-798240
-798212
-798180
-798100
-798000
-798064
-798068
-798100
-797956
-798068
-797908
-797940
-797992
-797960
-798008
-797808
-797856
-797860
-797880
-797960
-797968
-798132
-798324
-798112
-798012
-797784
-797776
-797864
-797900
-797960
-798024
-797988
-797900
-797776
-797772
-797672
-797556
-797488
-797540
-797840
-797824
-797952
-798024
-798056
-798068
-798096
-798024
-798040
-797912
-797944
-798112
-798200
-798260
-798388
-798268
-798328
-798316
-798300
-798324
-798232
-798056
-798020
-798176
-798076
-798168
-798232
-798352
-798204
-798192
-798268
-798272
-798372
-798368
-798440
-798364
-798080
-798084
-797976
-797992
-797988
-797940
-797912
-797984
-797772
-797796
-797892
-797980
-798032
-798028
-797992
-797868
-797824
-797788
-797704
-797844
-797704
-797688
-797592
-797588
-797680
-797712
-797972
-797836
-797852
-797876
-797780
-797912
-797624
-797648
-797560
-797600
-797696
-797560
-797628
-797516
-797412
-797268
-797276
-797000
-797020
-797008
-796980
-796888
-796876
-797004
-797192
-797288
-797220
-797160
-797084
-797180
-797204
-797096
-796900
-796932
-797016
-796652
-796624
-796648
-796656
-796704
-796696
-796696
-796696
-796848
-796908
-797068
-797136
-797476
-797588
-797640
-797608
-797540
-797584
-797500
-797484
-797480
-797516
-797620
-797412
-797424
-797348
-797340
-797316
-797468
-797560
-797560
-797632
-797532
-797644
-797524
-797596
-797996
-798012
-797956
-797844
-797760
-797808
-797796
-797752
-797828
-797888
-797920
-797896
-797960
-797924
-797804
-797812
-798000
-797888
-798040
-798124
-798100
-798180
-798168
-798160
-798064
-798172
-798176
-798180
-798104
-798124
-798440
-798488
-798604
-798776
-798836
-799064
-798804
-798624
-798680
-798660
-798624
-798592
-798664
-798804
-798836
-798968
-798892
-799008
-798768
-798676
-798636
-798592
-798460
-798428
-798320
-798244
-798072
-798008
-798132
-798076
-798032
-798000
-797964
-797916
-797600
-797536
-797516
-797396
-797344
-797028
-797292
-797252
-797260
-797228
-797224
-797224
-797176
-797240
-797424
-797436
-797188
-797196
-797080
-797068
-797040
-797100
-797172
-797216
-797236
-797276
-797388
-797452
-797340
-797328
-797244
-797280
-797320
-797228
-797380
-797304
-797248
-797304
-797612
-797692
-797668
-797724
-797936
-797988
-797944
-797928
-797972
-798060
-798012
-798020
-797984
-797940
-797956
-797876
-797872
-797908
-797840
-797804
-797656
-797568
-797488
-797376
-797460
-797516
-797552
-797760
-797812
-797708
-797672
-797464
-797292
-797176
-797284
-797248
-797200
-797216
-797264
-797712
-797624
-797616
-797612
-797868
-797884
-797932
-798052
-798136
-798132
-798160
-798124
-798124
-798024
-798080
-798232
-798280
-798208
-798276
-798224
-798156
-798176
-798172
-798112
-798384
-798316
-798328
-798280
-798252
-798348
-798436
-798392
-798472
-798516
-798644
-798544
-798696
-798396
-798332
-798280
-798288
-798168
-798160
-798172
-798104
-797952
-797696
-797676
-797672
-797564
-797612
-797324
-797252
-797380
-797216
-797300
-797348
-797348
-797540
-797528
-797460
-797216
-797224
-797116
-797120
-797032
-797112
-796644
-796592
-796588
-796592
-796496
-796428
-796328
-796496
-796704
-796712
-796740
-796640
-796616
-796664
-796844
-796860
-796992
-796980
-796980
-797044
-797088
-796956
-797212
-797216
-797136
-797148
-796940
-797044
-797172
-797120
-797164
-797056
-797076
-797204
-797176
-797340
-797376
-797380
-797324
-797292
-797152
-797232
-797156
-796912
-796896
-796924
-796804
-796844
-796908
-796928
-796832
-796904
-796900
-796896
-796740
-796836
-796792
-796732
-796784
-796976
-796972
-797236
-797124
-797176
-797112
-797220
-797216
-796964
-796948
-797052
-797072
-797120
-797056
-797092
-797004
-796996
-796876
-796692
-796780
-796880
-796616
-796648
-796568
-796544
-796492
-796620
-796824
-796936
-797080
-796944
-796852
-796696
-796496
-796468
-796440
-796388
-796280
-796340
-796404
-796396
-796424
-796368
-796288
-796052
-796148
-796132
-796196
-796172
-796260
-796232
-796260
-796200
-796188
-796180
-796264
-796312
-796204
-796156
-796064
-796168
-796208
-796220
-796272
-796268
-796248
-796312
-796300
-796300
-796252
-796376
-796440
-796460
-796224
-796372
-796400
-796432
-796468
-796648
-796672
-796636
-796484
-796540
-796552
-796660
-796440
-796516
-796652
-796620
-796664
-796708
-796760
-796664
-796700
-796684
-796828
-796856
-796936
-796768
-796612
-796596
-796572
-796500
-796580
-796904
-796872
-796960
-797068
-796952
-797000
-797016
-797012
-797132
-797240
-797244
-797292
-797196
-797120
-797092
-797116
-796984
-796896
-796932
-797060
-797036
-796892
-796924
-796944
-797072
-797088
-797120
-797080
-797140
-797052
-796924
-796904
-796980
-796936
-796904
-796944
-796744
-797280
-797220
-797392
-797384
-797332
-797236
-797148
-797292
-797408
-797432
-797532
-797464
-797528
-797560
-797624
-797544
-797576
-797484
-797560
-797820
-797916
-797716
-797672
-797344
-797320
-797560
-797560
-797524
-797448
-797396
-797384
-797460
-797448
-797352
-797276
-797408
-797496
-797544
-797652
-797584
-797472
-797672
-797864
-797920
-797960
-797920
-797988
-797856
-798008
-798096
-798180
-798120
-798004
-798100
-798072
-797964
-797960
-797908
-797828
-797940
-797912
-798100
-797996
-797900
-797892
-798140
-798096
-798252
-798280
-798336
-798288
-798368
-798412
-798480
-798508
-798552
-798632
-798556
-798460
-798440
-798520
-798556
-798284
-798104
-797976
-797984
-798004
-798112
-798044
-798140
-798020
-798008
-797904
-797764
-797980
-797948
-797960
-797980
-798028
-798072
-798128
-798240
-798104
-798012
-797904
-797936
-797884
-797964
-797932
-797868
-797760
-797824
-797972
-797980
-797860
-797848
-797712
-797764
-797880
-797928
-797872
-797892
-797840
-797680
-797608
-797692
-797700
-797460
-797424
-797440
-797404
-797416
-797472
-797288
-797412
-797380
-797400
-797240
-797296
-797144
-797144
-797164
-797164
-797028
-797024
-797144
-797256
-797104
-797112
-797012
-796896
-796756
-796572
-796676
-796568
-796904
-797032
-797080
-797132
-797188
-797124
-797128
-797080
-797020
-796960
-796932
-797020
-797064
-797044
-797176
-797128
-797120
-797176
-797192
-797272
-797204
-797208
-797240
-797328
-797348
-797340
-797232
-797000
-797060
-797128
-797220
-797136
-797060
-797016
-797028
-797140
-797192
-797280
-797324
-797388
-797428
-797456
-797476
-797652
-797632
-797912
-797960
-797888
-797908
-797912
-798208
-798372
-798540
-798484
-798488
-798524
-798392
-798604
-798712
-798712
-798556
-798616
-798428
-798408
-798500
-798420
-798380
-798348
-798576
-798604
-798556
-798432
-798188
-798324
-798368
-798412
-798404
-798340
-798268
-798236
-798196
-798116
-798052
-798064
-798068
-798024
-798028
-798104
-798020
-797940
-797856
-797500
-797452
-797612
-797764
-797820
-797884
-797876
-797876
-797892
-797892
-798152
-798180
-798172
-798224
-798200
-798124
-798100
-798172
-798112
-798100
-797832
-797824
-797808
-797996
-797868
-797764
-797304
-797396
-797436
-797328
-797284
-797332
-797340
-797200
-797272
-797212
-797156
-797084
-797164
-797404
-797460
-797580
-797564
-797544
-797388
-797316
-797112
-797112
-797160
-797068
-796928
-796972
-797012
-797096
-796896
-796868
-796796
-796900
-796720
-796804
-796964
-796988
-797024
-796844
-796976
-797004
-796960
-796876
-796808
-796748
-797060
-797020
-797180
-797048
-797036
-796816
-796716
-796596
-796700
-796732
-796612
-796592
-796496
-796540
-796656
-796580
-796600
-796624
-796596
-796560
-796572
-796536
-796572
-796516
-796668
-796704
-796760
-797028
-797056
-797004
-796808
-796944
-796928
-796812
-796716
-796840
-796736
-796736
-796716
-796784
-796688
-796404
-796500
-796440
-796428
-796316
-796024
-796084
-796084
-796056
-795964
-796024
-796104
-796064
-796028
-796048
-796224
-796220
-796192
-796296
-796384
-796380
-796360
-796400
-796332
-796224
-795716
-795648
-795696
-795572
-795520
-795444
-795456
-795368
-795288
-795504
-795596
-795592
-795500
-795400
-795536
-795572
-795476
-795420
-795452
-795340
-795352
-795728
-795644
-795640
-795628
-795596
-795472
-795668
-795820
-796016
-795820
-795752
-795772
-795792
-795796
-795432
-795388
-795344
-795412
-795336
-795408
-795392
-795404
-795404
-795220
-795236
-795256
-795276
-795292
-795196
-795216
-795256
-795368
-795588
-795876
-795948
-796096
-796108
-796420
-796324
-796120
-796252
-796028
-796060
-796088
-796184
-795908
-795868
-795880
-796036
-796212
-796160
-796228
-796276
-796372
-796376
-796448
-796488
-796656
-796600
-796468
-796508
-796392
-796532
-796588
-796816
-796844
-796880
-797008
-796940
-797120
-796988
-797032
-796892
-797088
-796984
-796936
-796928
-797016
-797120
-797156
-797204
-797160
-797200
-797268
-797376
-797336
-797320
-797416
-797468
-797404
-797340
-797260
-797276
-797312
-797328
-797232
-797256
-797324
-797236
-797120
-797076
-796932
-796772
-796712
-796712
-796612
-796516
-796524
-796436
-796576
-796668
-796648
-796636
-796556
-796580
-796556
-796560
-796448
-796616
-796600
-796420
-796384
-795984
-795892
-795796
-795808
-795800
-795696
-795700
-795676
-795564
-795408
-795324
-795152
-795260
-795156
-795284
-795264
-795412
-795376
-795492
-795552
-795500
-795496
-795568
-795600
-795576
-795672
-795604
-795568
-795492
-795424
-795384
-795168
-795060
-795184
-795212
-795244
-794876
-794928
-794884
-794784
-794756
-794692
-794664
-794560
-794404
-794376
-794272
-794356
-794640
-794632
-794744
-794624
-794836
-794896
-794932
-794836
-794684
-794580
-794544
-794652
-794756
-794856
-794788
-794772
-794660
-794668
-794592
-794552
-794584
-794500
-794676
-794836
-794940
-794920
-794524
-794652
-794480
-794468
-794448
-794416
-794216
-794008
-794132
-794136
-794192
-794172
-794232
-794092
-794124
-794072
-794056
-793952
-793936
-793972
-793924
-794060
-794060
-794148
-794168
-794092
-794008
-793960
-793836
-793912
-793896
-793892
-793920
-793944
-793876
-793828
-793996
-793956
-793948
-793836
-793852
-793896
-793840
-793836
-793900
-793856
-793868
-794028
-794144
-794120
-794156
-794284
-794304
-794152
-794368
-794400
-794324
-794300
-794252
-794280
-794344
-794204
-794204
-794248
-794256
-794312
-794288
-794220
-794332
-794312
-794576
-794440
-794372
-794436
-794512
-794468
-794404
-794448
-794448
-794468
-794580
-794524
-794592
-794544
-794780
-794696
-794792
-794848
-794892
-794892
-794860
-794804
-794888
-794720
-794580
-794472
-794520
-794628
-794596
-794504
-794540
-794452
-794636
-794720
-794572
-794724
-794776
-794744
-794752
-794728
-794556
-794440
-794520
-794464
-794448
-794312
-794316
-794388
-794320
-794432
-794448
-794556
-794532
-794616
-794720
-794772
-794972
-794952
-794812
-794608
-794532
-794576
-794284
-794156
-794264
-794284
-794364
-794500
-794544
-794568
-794656
-794596
-794604
-794560
-794444
-794388
-794268
-794092
-794168
-794288
-794204
-794228
-794520
-794588
-794560
-794640
-794576
-794576
-794736
-794552
-794448
-794348
-794140
-794064
-793988
-793936
-793956
-793908
-793864
-793700
-793676
-793704
-793828
-793784
-793920
-793900
-793924
-793956
-794060
-794028
-794016
-793692
-793944
-793932
-793904
-794120
-793968
-793848
-793824
-793816
-793728
-793764
-793716
-793776
-793836
-793800
-793724
-793792
-793856
-793708
-793568
-793496
-793544
-793456
-793200
-793184
-793164
-793212
-793056
-793012
-792944
-793184
-793252
-793204
-793108
-793072
-793208
-793188
-793372
-793584
-793692
-793652
-793776
-793772
-793660
-793472
-793388
-793472
-793584
-793628
-793768
-793840
-793832
-793864
-793992
-793968
-793876
-793944
-793908
-793928
-793840
-793824
-793900
-793968
-793988
-793788
-793760
-793728
-793680
-793736
-793668
-793588
-793684
-793616
-793708
-793712
-793948
-794136
-794124
-794100
-794160
-794092
-794116
-794216
-794348
-794384
-794292
-794272
-794216
-794284
-794448
-794600
-794684
-794688
-794828
-794784
-794616
-794568
-794620
-794476
-794496
-794548
-794488
-794404
-794340
-794352
-794528
-794416
-794292
-794488
-794428
-794688
-794632
-794616
-794592
-794608
-794664
-794696
-794588
-794528
-794624
-794728
-794676
-794608
-794656
-794664
-794592
-794664
-794688
-794500
-794476
-794504
-794532
-794572
-794696
-794964
-794948
-794964
-794868
-794860
-794916
-794880
-794928
-794936
-795120
-795228
-795328
-795344
-795316
-795456
-795384
-795180
-795156
-795108
-795104
-795228
-795252
-795212
-795104
-795176
-795124
-795112
-795140
-795120
-795160
-795148
-794968
-795060
-795028
-794956
-794876
-794968
-794920
-795320
-795368
-795376
-795272
-795176
-795348
-795292
-795388
-795496
-795456
-795460
-795888
-795860
-796036
-796052
-796032
-796004
-795976
-795984
-796012
-796180
-796144
-796316
-796344
-796272
-796140
-796156
-796068
-796276
-796188
-796056
-796096
-796000
-795888
-795980
-796128
-796124
-796096
-796096
-796188
-796196
-796256
-796308
-796300
-796448
-796628
-796524
-796452
-796380
-796384
-796328
-796276
-796196
-796056
-796048
-796092
-796104
-796104
-796152
-796256
-796248
-796308
-796256
-796316
-796248
-796260
-796192
-796172
-796240
-796148
-796456
-796484
-795968
-796048
-795876
-795836
-795768
-795744
-795704
-795712
-795776
-796032
-795956
-796000
-796036
-796000
-795956
-796000
-796012
-796128
-796332
-796416
-796512
-796412
-796320
-796476
-796352
-796356
-796368
-796328
-796252
-796008
-795984
-795832
-796028
-795972
-795956
-796152
-796008
-795908
-795916
-795900
-795752
-795932
-795808
-795812
-795740
-795756
-795788
-795776
-795568
-795492
-795336
-795532
-795628
-795604
-795624
-795664
-795488
-795256
-795336
-795192
-795240
-795188
-795308
-795228
-795224
-795156
-795220
-795192
-795204
-795068
-795172
-795200
-795036
-795172
-795036
-795088
-795232
-795140
-795076
-795184
-795064
-795136
-795144
-795108
-795168
-795256
-795276
-795276
-795400
-795444
-795420
-795244
-795124
-795012
-795092
-794948
-794840
-794772
-794800
-794888
-794480
-794684
-794724
-794576
-794424
-794452
-794320
-794376
-794312
-794344
-794356
-794476
-794464
-794448
-794516
-794400
-794464
-794668
-794680
-794708
-794756
-794704
-794700
-794816
-794788
-794620
-794604
-794604
-794624
-794860
-794984
-795060
-795136
-795136
-795208
-795156
-795236
-795128
-795104
-795052
-795084
-795012
-794932
-794884
-794804
-794772
-795028
-794988
-794820
-794832
-794784
-794860
-794952
-795028
-795000
-794952
-795240
-795360
-795192
-795204
-795256
-795304
-795156
-795336
-795312
-795284
-795424
-795496
-795464
-795360
-795152
-795332
-795416
-795368
-795464
-795332
-795280
-795268
-795292
-795340
-795428
-795520
-795352
-795516
-795448
-795620
-795888
-795800
-795696
-795588
-795404
-795416
-795388
-795464
-795316
-795260
-795336
-795416
-795520
-795788
-795860
-795820
-795776
-795788
-795780
-795716
-795732
-795604
-795604
-795748
-795888
-796040
-796324
-796316
-796380
-796404
-796244
-796352
-796256
-796344
-796396
-796360
-796316
-796300
-796280
-796220
-796064
-796156
-796128
-796252
-796192
-796152
-796036
-796004
-796164
-796100
-796000
-795832
-795820
-795756
-795880
-795896
-795996
-795920
-795824
-795664
-795684
-795724
-795620
-795880
-795928
-796008
-796248
-796108
-796172
-796180
-796288
-796248
-796192
-796064
-796072
-796228
-796180
-796184
-796504
-796592
-796572
-796680
-796380
-796500
-796624
-796652
-796656
-796632
-796368
-796544
-796492
-796616
-796404
-796352
-796488
-796440
-796572
-796852
-796928
-797076
-797024
-797048
-797132
-797272
-797288
-797032
-797004
-796892
-796924
-796932
-796988
-796936
-796988
-797072
-797212
-797268
-797280
-797460
-797448
-797428
-797508
-797472
-797520
-797548
-797372
-797540
-797468
-797416
-797384
-797544
-797552
-797448
-797412
-797412
-797500
-797508
-797572
-797644
-797660
-797600
-797712
-797708
-797836
-797724
-797784
-798048
-797960
-797776
-797808
-797656
-797648
-797568
-797592
-797536
-797512
-797512
-797556
-797656
-797688
-797812
-797828
-797964
-798028
-797924
-797964
-798184
-798268
-798376
-798468
-798440
-798472
-798408
-798336
-798380
-798388
-798384
-798464
-798504
-798524
-798648
-798796
-798820
-798804
-798884
-798920
-798992
-799164
-798992
-798916
-798788
-798808
-798844
-799092
-799144
-799332
-799152
-799232
-799232
-799216
-799272
-799156
-799228
-799148
-798948
-798952
-799004
-798984
-798720
-798728
-798872
-798996
-798932
-798924
-798912
-798912
-799036
-799060
-799036
-799156
-799192
-799160
-799208
-799076
-799232
-799312
-799276
-799280
-799360
-799352
-799408
-799440
-799508
-799248
-799144
-799204
-799232
-799240
-799252
-799420
-799472
-799640
-799560
-799664
-799652
-799788
-799936
-799980
-799920
-799844
-799864
-799828
-799944
-800148
-800064
-800020
-800048
-800052
-800108
-800096
-800032
-799964
-799944
-799724
-799716
-799568
-799564
-799552
-799396
-799448
-799504
-799584
-799504
-799616
-799692
-799744
-799728
-799864
-799900
-799740
-799668
-799632
-799588
-799516
-799404
-799480
-799572
-799528
-799620
-799588
-799456
-799368
-799268
-799168
-799180
-799104
-799136
-799224
-799204
-799240
-799240
-799508
-799568
-799864
-799748
-799700
-799572
-799432
-799392
-799576
-799572
-799524
-799420
-799332
-799308
-799368
-799176
-798968
-798904
-798948
-798904
-798856
-798820
-798800
-798916
-798940
-798984
-798916
-798768
-798784
-798700
-798632
-798796
-798856
-798912
-798712
-798748
-798660
-798788
-798772
-798720
-798704
-798884
-799024
-799064
-799040
-799164
-799076
-799128
-799100
-799144
-799268
-799388
-799456
-799508
-799412
-799572
-799588
-799648
-799656
-799700
-799752
-799840
-799640
-799760
-799940
-799984
-799980
-800076
-799824
-799720
-799956
-800012
-800052
-800084
-800068
-800476
-800428
-800264
-800328
-800520
-800468
-800380
-800328
-800360
-800316
-800180
-800060
-800060
-800012
-800044
-800056
-800012
-800068
-799956
-799952
-800160
-800112
-800020
-799920
-800136
-800056
-800256
-800172
-800032
-800056
-800088
-800040
-800180
-800312
-800332
-800460
-800416
-800428
-800560
-800492
-800412
-800320
-800304
-800392
-800248
-800260
-799928
-799896
-799884
-799848
-799880
-799872
-799680
-799584
-799456
-799292
-799168
-799300
-799336
-799296
-799324
-799432
-799536
-799496
-799504
-799616
-799648
-799480
-799484
-799408
-799400
-799488
-799380
-799372
-799436
-799208
-799016
-799172
-798976
-799052
-799128
-799128
-799280
-799260
-799348
-799348
-799360
-799368
-799372
-799404
-799364
-799400
-799260
-799196
-799412
-799460
-799484
-799560
-799356
-799380
-799488
-799472
-799484
-799512
-799544
-799596
-799612
-799632
-799560
-799624
-799596
-799544
-799536
-799608
-799612
-799604
-799480
-799432
-799276
-799152
-799180
-799120
-799156
-799172
-799248
-799188
-799316
-799264
-799076
-799072
-799148
-799200
-799172
-799024
-798968
-798992
-798912
-799032
-798796
-798876
-799052
-799092
-799016
-798916
-798936
-798860
-798800
-799008
-799360
-799336
-799428
-799296
-799256
-799248
-799228
-799364
-799316
-799384
-799384
-799372
-799412
-799404
-799444
-799632
-799240
-799268
-799452
-799460
-799580
-799516
-799664
-799640
-799648
-799628
-799684
-799640
-799560
-799480
-799444
-799476
-799536
-799452
-799496
-799424
-799672
-799596
-799616
-799628
-799592
-799804
-799828
-799836
-799856
-799908
-799900
-800104
-799972
-799912
-799908
-799860
-799572
-799452
-799396
-799416
-799500
-799568
-799596
-799604
-799568
-799520
-799560
-799600
-799728
-799608
-799652
-799432
-799420
-799396
-799268
-799312
-799388
-799336
-799376
-799444
-799284
-799304
-799140
-799156
-799072
-799076
-799264
-799516
-799516
-799572
-799516
-799296
-799332
-799280
-799192
-799484
-799288
-799312
-799288
-799276
-799508
-799608
-799684
-799400
-799384
-799340
-799464
-799548
-799464
-799584
-799816
-799760
-799812
-799840
-799824
-799860
-799872
-799876
-799884
-800004
-800044
-799988
-800080
-800104
-800076
-800004
-799952
-799744
-799892
-799828
-799940
-799948
-799792
-799684
-799568
-799588
-799692
-799656
-799636
-799596
-799536
-799516
-799532
-799632
-799588
-799464
-799488
-799360
-799508
-799632
-799716
-799368
-799392
-799304
-799360
-799520
-799428
-799364
-799272
-799180
-799124
-798964
-798984
-798924
-798868
-798812
-798976
-799104
-799156
-799132
-799108
-799152
-799224
-799208
-799384
-799328
-799276
-799292
-799292
-799260
-799260
-799116
-799116
-799024
-799044
-799176
-799168
-799296
-799296
-799284
-799252
-799208
-799276
-799332
-799356
-799364
-799388
-799292
-799268
-799292
-799320
-799556
-799604
-799644
-799780
-799864
-800076
-800264
-800364
-800304
-800420
-800524
-800436
-800352
-800136
-800040
-800112
-800180
-800276
-800136
-800120
-800236
-800296
-800432
-800348
-800392
-800400
-800316
-800452
-800444
-800556
-800356
-800256
-800264
-800040
-799984
-800052
-799968
-799912
-800076
-800156
-800248
-800160
-800184
-800236
-800376
-800460
-800412
-800404
-800504
-800412
-800364
-800408
-800412
-800220
-800060
-799764
-799744
-799760
-799868
-799868
-799820
-799720
-799696
-799420
-799332
-799328
-799352
-799388
-799472
-799488
-799464
-799516
-799676
-799576
-799668
-799472
-799412
-799660
-799844
-799832
-799912
-799952
-799980
-799956
-799988
-800020
-800048
-800044
-800212
-800176
-800236
-800328
-800312
-800160
-800212
-800340
-800408
-800476
-800476
-800512
-800660
-800580
-800936
-800960
-800952
-801012
-800948
-800924
-800696
-800688
-800608
-800572
-800372
-800608
-800684
-800704
-800780
-800840
-800872
-800976
-800916
-800904
-800980
-801304
-801464
-801428
-801396
-801536
-801432
-801512
-801440
-801588
-801428
-801340
-801448
-801628
-801576
-801360
-800976
-800948
-800840
-800852
-800848
-800480
-800468
-800532
-800484
-800488
-800524
-800556
-800640
-800604
-800676
-800716
-800756
-800656
-800620
-800764
-800616
-800588
-800644
-800692
-800564
-800560
-800528
-800404
-800512
-800568
-800644
-800660
-800624
-800616
-800492
-800504
-800504
-800496
-800272
-800224
-800112
-799992
-800096
-800060
-799952
-800016
-800016
-800024
-799936
-799992
-799972
-799992
-800064
-800056
-800100
-800228
-800384
-800456
-800492
-800528
-800332
-800380
-800528
-800612
-800640
-800536
-800456
-800396
-800372
-800448
-800556
-800488
-800608
-800660
-800604
-800528
-800536
-800572
-800500
-800584
-800716
-800728
-800936
-800956
-801216
-801168
-801188
-801388
-801376
-801472
-801468
-801428
-801640
-801632
-801728
-801748
-801824
-801572
-801580
-801632
-801804
-801556
-801488
-801528
-801556
-801676
-801916
-801960
-802048
-801964
-802016
-801860
-801888
-801972
-801944
-802024
-802048
-802028
-802056
-802056
-802068
-802044
-801984
-801904
-801868
-801828
-801848
-801656
-801516
-801712
-801692
-801760
-801720
-801712
-801480
-801556
-801584
-801560
-801552
-801536
-801576
-801676
-801624
-801612
-801752
-801800
-801948
-802060
-801924
-801856
-802072
-802052
-802028
-801932
-801844
-801632
-801548
-801500
-801544
-801436
-801396
-801032
-801044
-801320
-801232
-801252
-801164
-801080
-801260
-801224
-801296
-801320
-801268
-801164
-801288
-801260
-801616
-801760
-801784
-801664
-801624
-801752
-801580
-801356
-801360
-801276
-801156
-801112
-801152
-801156
-801052
-801088
-801004
-801308
-801408
-801368
-801360
-801504
-801228
-801164
-801088
-801164
-801224
-801248
-801140
-801224
-801412
-801268
-801360
-801320
-801304
-801236
-801308
-801128
-801080
-801376
-801424
-801420
-801540
-801544
-801484
-801472
-801424
-801396
-801392
-801456
-801372
-801252
-801316
-801380
-801404
-801352
-801368
-801244
-801356
-801384
-801332
-801316
-801408
-801372
-801336
-801488
-801568
-801576
-801664
-801708
-801744
-801668
-801936
-801916
-801972
-802024
-802204
-802196
-802192
-802384
-802296
-802276
-802148
-802152
-801936
-802008
-802032
-802092
-801996
-802052
-802004
-802016
-802156
-802188
-801912
-802040
-802076
-801980
-801932
-801940
-801812
-801796
-801880
-801676
-801584
-801660
-801660
-801596
-801556
-801772
-801776
-801624
-801684
-801604
-801620
-801516
-801344
-801440
-801612
-801492
-801636
-801528
-801568
-801436
-801596
-801728
-801768
-801696
-801644
-801508
-801584
-801604
-801588
-801624
-801856
-801536
-801536
-801428
-801444
-801476
-801404
-801552
-801788
-801784
-801704
-801668
-801700
-801748
-801760
-802004
-801976
-802024
-802028
-801944
-801948
-802148
-802156
-802344
-802188
-801948
-801912
-801820
-801828
-801648
-801520
-801560
-801440
-801500
-801516
-801404
-801352
-801456
-801640
-801624
-801732
-801692
-801672
-801680
-801816
-801604
-801528
-801580
-801620
-801484
-801672
-801668
-801644
-801600
-801572
-801424
-801232
-801312
-801208
-801232
-801312
-801584
-801664
-801752
-801724
-801680
-801988
-801928
-801996
-802252
-802244
-802212
-802276
-802268
-802288
-802308
-802328
-802356
-802448
-802224
-802308
-802196
-802188
-802032
-801976
-801944
-801984
-802032
-802172
-802248
-802320
-802320
-802352
-802528
-802524
-802484
-802500
-802504
-802536
-802440
-802376
-802352
-802280
-802344
-802452
-802452
-802508
-802460
-802412
-802476
-802464
-802420
-802432
-802504
-802600
-802940
-802928
-802940
-802964
-803092
-803160
-803068
-803128
-803184
-803176
-803100
-803044
-803192
-803180
-803144
-803020
-803020
-802888
-802924
-802844
-802756
-802676
-802632
-802552
-802452
-802364
-802428
-802440
-802516
-802664
-802760
-802808
-802740
-802640
-802656
-802652
-802764
-802768
-802756
-802776
-802752
-802596
-802644
-802696
-802648
-802460
-802476
-802540
-802500
-802448
-802324
-802272
-802120
-801864
-801792
-801624
-801492
-801464
-801568
-801524
-801564
-801560
-801720
-801780
-801716
-801764
-801736
-801564
-801508
-801344
-801268
-801288
-801460
-801400
-801360
-801404
-801456
-801164
-801068
-801052
-801140
-801096
-801088
-801060
-800952
-801068
-801044
-801016
-801044
-801132
-801080
-800992
-800824
-800676
-800636
-800620
-800284
-800120
-800248
-800268
-800148
-800200
-800272
-800176
-800004
-800060
-800268
-800248
-800188
-800144
-800048
-800016
-799940
-799824
-800056
-800072
-799992
-799944
-799944
-800008
-800020
-799924
-799940
-800056
-799844
-799836
-800068
-800056
-800072
-800056
-799964
-800052
-800080
-800308
-800156
-800136
-799904
-799972
-799928
-799944
-799908
-800024
-799980
-799968
-799972
-799780
-799828
-800004
-800008
-800000
-799832
-799756
-799776
-799816
-799776
-799756
-799840
-799804
-799528
-799556
-799612
-799792
-799760
-799652
-799856
-799824
-799784
-799812
-799744
-799988
-800072
-800148
-800128
-800136
-800064
-800156
-800124
-800192
-800092
-800064
-799932
-799892
-799992
-799900
-799780
-799920
-800036
-800032
-799888
-799864
-799808
-799912
-799832
-799748
-799708
-799664
-799660
-799780
-799688
-799688
-799612
-799592
-799496
-799612
-799640
-799660
-799716
-799908
-800120
-800160
-800220
-800276
-800252
-800056
-800012
-800020
-800116
-800100
-800092
-800028
-800040
-800180
-800028
-799888
-799744
-799796
-800028
-800052
-799928
-799968
-799984
-799848
-799968
-799912
-799884
-799764
-799688
-799560
-799388
-799420
-799344
-799376
-799224
-799408
-799524
-799704
-799800
-799788
-799844
-799704
-799496
-799528
-799528
-799756
-799788
-799872
-799872
-799844
-799780
-799680
-799752
-799668
-799728
-799740
-799576
-799640
-799884
-799932
-800128
-799932
-799932
-800112
-800124
-799980
-800064
-800080
-799696
-799584
-799612
-799508
-799520
-799472
-799444
-799320
-799404
-799332
-799252
-799380
-799428
-799616
-799544
-799484
-799436
-799424
-799276
-799348
-799292
-799352
-799084
-799196
-799188
-799380
-799320
-799220
-799216
-799016
-798848
-798832
-798932
-798872
-798484
-798464
-798444
-798424
-798280
-798220
-798100
-798096
-798256
-798188
-798208
-798188
-798164
-798052
-798312
-798300
-798480
-798552
-798588
-798572
-798612
-798592
-798516
-798452
-798304
-798328
-798312
-798300
-798212
-798328
-798460
-798432
-798396
-798276
-798244
-798368
-798228
-798216
-798344
-798156
-798104
-798088
-797852
-798112
-798176
-798548
-798548
-798472
-798464
-798628
-798712
-798792
-798728
-798740
-798768
-798840
-798708
-798816
-798916
-798836
-798736
-798720
-798628
-798532
-798716
-798740
-798696
-798648
-798608
-798592
-798584
-798568
-798680
-798740
-798712
-798560
-798560
-798524
-798476
-798452
-798484
-798672
-798660
-798632
-798532
-798548
-798496
-798668
-798564
-798604
-798608
-798604
-798508
-798464
-798368
-798576
-798492
-798416
-798384
-798404
-798580
-798344
-798296
-798412
-798480
-798376
-798536
-798420
-798560
-798752
-798748
-798708
-798652
-798648
-798656
-798536
-798156
-798224
-798164
-798268
-798300
-798472
-798532
-798568
-798464
-798568
-798600
-798712
-798688
-798760
-798920
-798908
-799080
-799104
-799060
-799144
-799184
-799152
-799260
-799268
-799292
-799192
-799056
-799000
-799288
-799104
-798792
-798768
-798796
-798800
-798572
-798600
-798520
-798352
-798304
-798240
-798344
-798316
-798376
-798252
-798320
-798300
-798208
-798132
-798132
-798140
-798152
-798096
-798124
-798272
-798268
-798284
-798216
-798408
-798404
-798608
-798516
-798436
-798468
-798520
-798488
-798392
-798292
-798280
-798072
-798172
-798304
-798292
-798104
-797944
-797960
-798032
-798084
-798028
-797960
-797920
-797880
-797848
-797776
-797768
-797920
-798172
-798012
-798064
-798220
-798440
-798332
-798140
-798064
-798064
-798044
-797968
-797996
-798008
-798064
-797924
-798052
-797960
-797868
-797852
-797832
-797868
-797840
-797736
-797768
-797748
-797764
-797792
-797752
-797744
-797792
-797808
-797768
-797832
-797660
-797588
-797604
-797736
-797784
-797832
-797832
-797784
-797748
-797768
-797676
-797748
-797772
-797708
-797804
-797788
-797912
-797928
-797844
-798028
-798092
-798112
-798288
-798268
-798328
-798692
-798700
-798716
-798924
-799056
-798928
-798972
-798952
-799072
-799036
-799104
-799080
-799104
-799408
-799508
-799844
-800012
-799984
-799820
-799968
-799992
-800060
-799984
-799936
-800064
-800080
-800080
-800036
-800016
-800148
-800172
-800364
-800436
-800332
-800240
-800196
-800284
-800124
-800060
-800028
-800088
-799816
-799856
-799812
-799804
-799936
-800104
-800220
-800276
-800268
-800324
-800256
-800132
-800024
-799996
-799956
-799984
-800052
-800000
-800200
-800092
-800112
-800124
-800176
-800244
-800148
-800112
-800232
-800296
-800104
-800184
-800144
-800052
-800012
-799936
-799980
-800012
-799940
-799924
-799900
-799936
-800124
-800088
-800188
-800224
-800452
-800612
-800460
-800792
-800796
-800848
-800896
-800776
-800792
-800744
-800704
-800616
-800368
-800448
-800500
-800444
-800264
-800372
-800096
-800212
-800192
-800288
-800292
-800236
-800088
-800008
-799996
-800116
-800004
-799984
-799960
-799972
-799920
-799868
-800024
-800100
-799892
-799948
-800036
-800008
-799972
-799960
-799808
-799904
-799952
-799928
-799960
-800024
-800148
-800140
-800064
-800052
-800032
-800068
-800372
-800244
-800184
-800120
-800112
-799940
-799952
-799984
-799856
-799528
-799364
-799352
-799216
-799316
-799284
-799248
-799224
-799376
-799436
-799328
-799480
-799360
-799480
-799556
-799456
-799444
-799416
-799416
-799388
-799544
-799708
-799608
-799564
-799608
-799536
-799556
-799544
-799380
-799340
-799356
-799588
-799704
-799716
-799648
-799736
-799716
-799668
-799744
-799876
-799820
-799848
-799716
-799792
-799724
-799656
-799764
-799824
-799808
-799772
-799728
-799684
-799672
-799516
-799656
-799648
-799588
-799652
-799436
-799620
-799588
-799440
-799460
-799500
-799416
-799464
-799764
-799636
-799604
-799648
-799676
-799752
-799780
-799652
-799692
-799612
-799392
-799420
-799524
-799516
-799536
-799376
-799436
-799380
-799264
-799264
-799324
-799068
-799000
-799052
-798868
-798836
-798900
-798968
-799040
-799160
-799172
-799136
-799124
-799172
-799212
-799204
-799112
-799028
-799016
-799040
-799008
-799008
-799092
-799148
-799256
-799088
-799012
-799224
-798924
-798828
-798668
-798720
-798732
-798824
-798888
-798884
-798816
-798900
-798804
-798800
-798880
-799024
-798944
-799092
-799084
-799004
-799008
-798916
-798804
-798760
-798772
-798784
-798876
-798848
-798936
-798892
-798924
-798736
-798720
-798700
-798956
-798968
-799028
-799064
-799120
-799076
-799076
-799104
-799000
-799032
-799072
-799176
-799236
-799216
-799052
-799060
-798992
-799004
-799028
-798852
-798900
-798964
-798860
-798928
-799048
-798992
-799016
-799212
-799120
-799228
-799064
-799096
-798900
-798864
-798976
-798928
-798976
-798900
-798740
-798712
-798676
-798476
-798504
-798392
-798428
-798448
-798460
-798492
-798392
-798540
-798492
-798384
-798556
-798492
-798460
-798380
-798476
-798512
-798316
-798284
-798176
-798148
-798196
-798260
-798104
-798132
-798036
-797936
-797932
-797916
-797956
-797936
-797848
-797832
-797796
-797676
-797616
-797592
-797724
-797740
-797724
-797732
-797696
-797720
-797612
-797400
-797392
-797460
-797460
-797512
-797568
-797648
-797648
-797692
-797656
-797612
-797648
-797584
-797428
-797604
-797652
-797732
-797808
-797816
-797836
-797940
-797728
-797680
-797672
-797800
-797596
-797516
-797708
-797804
-797780
-797780
-797912
-797768
-797808
-797692
-797908
-797840
-797920
-797932
-797908
-798036
-798032
-797964
-797736
-797764
-797672
-797732
-797680
-797656
-797608
-797600
-797576
-797608
-797576
-797648
-797720
-797712
-797664
-797752
-797780
-797788
-797796
-797908
-797888
-797964
-798128
-798164
-798044
-798120
-798016
-798072
-798072
-798040
-797904
-797812
-797844
-797716
-797756
-797732
-797804
-797788
-797568
-797604
-797496
-797544
-797560
-797520
-797352
-797408
-797408
-797492
-797496
-797420
-797220
-797036
-797116
-797056
-796992
-797072
-797164
-797204
-797208
-797084
-797224
-797112
-797056
-796864
-796924
-796996
-796984
-796844
-796860
-796892
-796828
-796888
-796740
-796640
-796612
-796428
-796404
-796440
-796672
-796740
-796900
-796944
-797024
-797204
-797192
-797240
-796948
-796972
-796848
-796784
-796756
-796660
-796640
-796772
-796824
-796916
-796820
-796856
-796896
-797028
-797060
-797040
-797024
-797228
-797132
-796936
-797096
-797144
-797152
-797100
-796888
-796788
-796896
-796896
-797000
-796984
-797100
-797180
-797308
-797316
-797376
-797372
-797320
-797416
-797436
-797304
-797360
-797348
-797396
-797424
-797644
-797708
-797864
-797728
-797544
-797624
-797632
-797760
-797860
-797772
-797796
-797636
-797716
-797388
-797344
-797348
-797524
-797656
-797632
-797696
-797680
-797772
-797616
-797564
-797504
-797556
-797504
-797600
-797896
-797492
-797488
-797396
-797164
-797228
-797052
-797144
-797140
-797056
-796940
-796948
-796944
-796764
-796808
-796796
-796748
-796824
-796984
-796944
-796924
-796980
-797116
-797116
-797004
-797104
-797216
-797168
-797156
-797212
-797164
-797272
-797068
-796904
-796912
-796824
-797172
-797148
-797084
-797100
-797128
-797032
-796960
-796884
-797032
-796980
-796992
-796968
-797088
-796984
-796956
-797092
-797092
-797096
-797056
-797180
-797268
-797376
-797444
-797556
-797528
-797520
-797452
-797508
-797316
-797432
-797400
-797420
-797328
-797264
-797104
-797216
-797100
-797136
-797116
-796972
-796748
-796652
-796708
-796808
-796904
-797108
-797108
-796988
-796864
-796832
-796720
-796712
-796796
-797096
-797172
-797112
-797212
-797364
-797532
-797644
-797664
-797752
-797700
-797576
-797416
-797468
-797424
-797360
-797392
-797456
-797460
-797468
-797508
-797412
-797472
-797564
-797552
-797564
-797544
-797560
-797652
-797668
-797508
-797624
-797792
-797656
-797756
-797732
-797672
-797624
-797560
-797656
-797396
-797536
-797472
-797532
-797468
-797516
-797440
-797464
-797312
-797252
-797376
-797320
-797252
-797248
-797256
-797056
-797084
-797072
-796680
-796636
-796548
-796508
-796432
-796340
-796484
-796504
-796500
-796524
-796632
-796640
-796584
-796488
-796460
-796348
-796380
-796504
-796416
-796548
-796620
-796492
-796272
-796312
-796396
-796308
-796336
-796424
-796364
-796220
-796356
-796228
-796232
-796296
-796308
-796392
-796352
-796360
-796244
-796216
-796052
-796040
-796120
-796100
-795860
-795948
-795896
-796024
-796056
-796024
-796176
-796152
-796180
-796152
-796208
-796100
-796132
-796004
-795968
-795892
-795872
-795944
-796096
-796144
-796140
-796048
-796092
-796140
-796180
-796200
-796204
-796252
-796252
-796284
-796216
-796248
-796268
-796100
-796156
-796256
-796252
-796324
-796180
-796108
-796036
-796036
-795796
-795964
-796004
-795984
-795952
-795964
-795980
-796100
-795920
-795780
-795720
-795640
-795872
-795872
-795756
-795864
-795892
-795736
-795676
-795740
-795620
-795544
-795492
-795652
-795720
-795788
-795828
-796032
-795988
-795972
-796024
-795996
-796060
-796020
-796204
-796084
-796108
-796132
-796256
-796340
-796364
-796416
-796400
-796320
-796328
-796384
-796344
-796352
-796428
-796416
-796432
-796508
-796528
-796492
-796584
-796532
-796360
-796332
-796428
-796428
-796464
-796600
-796464
-796372
-796604
-796424
-796664
-796676
-796656
-796672
-796428
-796524
-796584
-796660
-796704
-796696
-796372
-796400
-796400
-796392
-796424
-796492
-796540
-796644
-796600
-796564
-796784
-796908
-797120
-797236
-796820
-796744
-796792
-796832
-796800
-796804
-796864
-796868
-796976
-797124
-797244
-797300
-797320
-797252
-797376
-797252
-797080
-796804
-796736
-796756
-796856
-796852
-796764
-796664
-796584
-796736
-796856
-796904
-796860
-796852
-796772
-796884
-796696
-796540
-796644
-796632
-796564
-796496
-796280
-796340
-796416
-796560
-796388
-796396
-796436
-796436
-796468
-796752
-796528
-796464
-796592
-796544
-796584
-796440
-796632
-796792
-796880
-797144
-797124
-797220
-797168
-797088
-796924
-796908
-796996
-797012
-797240
-797320
-797360
-797320
-797412
-797404
-797420
-797452
-797532
-797564
-797684
-797668
-797816
-797644
-797576
-797560
-797448
-797416
-797452
-797324
-797388
-797396
-797204
-797240
-797328
-797428
-797584
-797604
-797608
-797472
-797284
-797224
-797324
-797272
-797444
-797412
-797336
-797484
-797464
-797444
-797484
-797884
-797876
-797764
-797904
-797948
-798024
-797980
-797928
-797876
-797704
-797668
-797668
-797768
-797840
-797780
-797784
-797804
-797900
-797952
-797976
-798032
-797972
-798056
-798000
-797920
-797968
-798016
-798156
-798044
-797852
-797960
-797708
-797768
-797752
-797648
-797688
-797668
-797648
-797740
-797640
-797716
-797668
-797528
-797508
-797684
-797804
-797904
-797832
-797768
-797820
-797856
-797940
-798008
-798036
-797996
-797980
-798204
-798140
-798192
-798204
-798208
-798244
-798132
-797984
-798048
-798092
-797872
-797712
-797724
-797604
-797672
-797668
-797808
-797932
-797876
-797780
-797836
-797776
-797844
-797884
-797808
-797832
-797876
-797820
-797892
-797896
-797868
-797904
-797920
-797904
-797936
-797884
-797704
-797752
-797864
-797712
-797796
-797696
-797756
-797776
-797856
-797600
-797412
-797504
-797572
-797320
-797372
-797336
-797392
-797380
-797316
-797324
-797348
-797432
-797468
-797440
-797400
-797484
-797388
-797296
-797296
-797280
-797264
-797376
-797456
-797244
-797168
-797088
-797032
-797056
-797132
-796948
-796904
-796868
-796968
-796820
-796936
-796904
-796884
-796928
-797052
-796928
-796780
-796728
-796772
-796788
-797000
-797132
-797124
-797024
-797064
-797160
-797128
-797308
-797388
-797420
-797424
-797420
-797292
-797140
-796912
-796968
-796936
-797048
-797016
-796824
-797056
-796980
-797148
-797064
-797008
-797016
-796764
-796876
-796952
-796840
-796908
-796904
-796964
-796996
-797148
-797156
-797428
-797444
-797536
-797592
-797540
-797404
-797248
-797272
-797184
-797192
-797076
-797196
-797112
-797068
-797148
-797188
-797172
-797204
-797272
-797120
-797980
-798000
-798104
-798020
-797940
-797920
-797936
-798036
-798156
-798096
-797996
-798076
-798104
-797992
-798076
-797968
-797964
-798048
-797980
-798044
-797884
-797876
-797748
-797652
-797852
-797700
-797756
-797648
-797568
-797540
-797580
-797560
-797432
-797336
-797284
-797408
-797524
-797512
-797472
-797588
-797468
-797584
-797588
-797528
-797480
-797444
-797292
-797360
-797488
-797400
-797464
-797088
-797208
-797112
-797120
-796876
-797048
-797052
-796836
-796744
-796740
-796752
-797168
-797096
-797192
-797052
-797100
-797108
-797264
-797232
-797132
-797324
-797312
-797408
-797540
-797624
-797796
-797652
-797564
-797668
-797692
-797732
-797828
-797872
-797980
-797868
-797880
-797772
-797968
-798244
-798108
-798176
-798104
-798260
-798192
-798064
-798060
-798068
-798148
-798112
-798068
-798076
-798100
-798036
-798164
-798052
-798100
-798012
-798004
-797972
-797928
-797920
-798096
-798088
-798176
-798248
-798204
-798296
-798308
-798352
-798420
-798532
-798492
-798572
-798604
-798560
-798744
-798772
-798644
-798788
-798800
-798848
-799000
-799004
-798844
-798928
-798824
-798704
-798784
-798984
-798968
-799028
-799060
-799012
-799028
-798928
-798868
-798856
-798828
-798832
-798904
-798872
-798928
-799012
-798904
-798740
-798768
-798712
-798572
-798604
-798688
-798680
-798608
-798580
-798228
-798060
-798212
-798324
-798372
-798384
-798388
-798608
-798576
-798560
-798548
-798608
-798568
-798656
-798588
-798748
-798692
-798728
-798716
-798580
-798644
-798760
-798848
-798920
-799104
-799056
-799052
-798960
-798932
-798828
-798960
-798820
-798760
-798796
-798632
-798496
-798448
-798460
-798264
-798152
-798164
-798124
-798228
-798428
-798612
-798720
-798568
-798584
-798708
-798572
-798756
-798784
-798768
-798840
-798940
-798924
-799128
-799216
-799312
-799216
-799044
-799088
-799152
-799248
-799240
-799284
-799284
-799416
-799244
-799084
-799084
-799216
-799260
-799392
-799264
-799300
-799288
-799268
-799152
-799028
-798956
-799012
-798996
-799196
-799256
-799264
-799348
-799472
-799396
-799404
-799132
-799212
-799136
-799036
-799152
-799276
-799356
-799556
-799596
-799560
-799592
-799644
-799680
-799720
-799684
-799748
-799956
-799892
-800100
-799972
-800004
-800028
-800056
-799832
-799660
-799660
-799820
-799592
-799568
-799452
-799448
-799432
-799536
-799520
-799420
-799524
-799504
-799588
-799572
-799648
-799696
-799744
-799828
-799660
-799532
-799472
-799500
-799512
-799164
-799136
-799084
-799172
-799260
-799216
-799188
-799212
-799152
-799160
-799256
-799244
-799280
-799472
-799520
-799664
-799520
-799376
-799376
-799240
-799340
-799416
-799492
-799476
-799416
-799392
-799316
-799288
-799264
-799268
-799296
-799392
-799596
-799500
-799580
-799520
-799644
-799404
-799428
-799452
-799360
-799392
-799240
-799156
-799228
-799232
-799288
-799264
-799328
-799680
-799636
-799664
-799492
-799312
-799496
-799656
-799536
-799720
-799796
-799556
-799532
-799600
-799532
-799620
-799652
-799612
-799644
-799600
-799720
-799672
-799188
-798976
-798972
-799100
-799052
-799208
-799208
-799500
-799544
-799248
-799200
-799144
-799188
-799348
-799448
-799540
-799472
-799332
-799332
-799276
-799308
-799384
-799452
-799452
-799440
-799416
-799392
-799376
-799300
-799164
-799176
-799192
-799300
-799264
-799304
-799324
-799252
-799184
-799276
-799336
-799200
-799320
-799272
-799240
-799096
-799164
-799240
-799256
-799276
-799188
-799204
-799312
-799260
-799288
-799332
-799548
-799616
-799548
-799548
-799596
-799512
-799552
-799576
-799568
-799664
-799740
-799688
-799584
-799972
-800024
-799972
-799996
-800088
-800224
-800132
-800136
-800208
-800180
-800080
-800060
-800228
-800244
-800396
-800368
-800288
-800184
-800064
-800192
-800148
-800004
-799984
-800024
-799900
-799956
-799808
-799736
-799752
-799760
-799828
-799940
-800056
-800184
-800240
-800280
-800180
-800332
-800328
-800424
-800340
-800464
-800204
-800116
-800132
-800504
-800548
-800520
-800552
-800568
-800556
-800528
-800236
-800240
-800420
-800460
-800428
-800444
-800384
-800276
-800244
-800364
-800436
-800428
-800420
-800100
-800164
-800376
-800440
-800416
-800508
-800432
-800300
-800336
-800352
-800372
-800404
-800416
-800504
-800576
-800748
-800676
-800624
-800608
-800416
-800364
-799916
-799968
-799804
-799828
-799816
-799848
-799788
-799784
-799860
-799744
-799900
-799956
-799960
-799932
-800016
-800076
-800036
-800056
-800268
-800220
-800016
-799992
-799920
-799888
-799912
-800048
-800112
-800064
-800228
-800132
-800128
-800152
-800044
-800108
-800216
-800252
-800372
-800300
-800336
-800412
-800468
-800520
-800368
-800424
-800420
-800416
-800340
-800260
-800304
-800264
-800260
-800380
-800384
-800396
-800404
-800328
-800148
-800184
-800356
-800188
-800100
-800156
-799940
-799940
-800132
-800068
-800224
-800176
-800336
-800340
-800388
-800168
-800016
-799712
-799620
-799628
-799620
-799804
-799800
-799776
-799636
-799580
-799520
-799480
-799424
-799440
-799352
-799396
-799376
-799332
-799236
-799272
-799356
-799412
-799492
-799496
-799436
-799464
-799552
-799652
-799668
-799460
-799348
-799308
-799324
-799284
-799328
-799368
-799560
-799432
-799320
-799428
-799296
-799328
-799160
-799128
-798900
-798864
-798832
-798880
-798908
-798800
-798856
-798712
-798780
-798800
-798824
-798880
-798884
-799000
-799100
-799024
-798924
-798892
-799016
-799144
-798992
-798992
-799104
-799120
-799028
-799112
-799048
-799072
-799080
-799072
-798992
-799044
-798940
-798840
-798832
-798724
-798640
-798800
-798856
-798712
-798712
-798664
-798424
-798416
-798504
-798484
-798468
-798352
-798472
-798516
-798444
-798488
-798608
-798440
-798376
-798500
-798676
-798500
-798520
-798440
-798452
-798420
-798408
-798356
-798360
-798360
-798316
-798132
-798144
-798104
-798152
-798264
-798188
-798152
-798256
-798156
-798180
-798324
-798296
-798408
-798396
-798388
-798556
-798492
-798684
-798684
-798760
-798696
-798644
-798540
-798572
-798388
-798316
-798396
-798384
-798324
-798512
-798448
-798556
-798472
-798548
-798488
-798464
-798428
-798432
-798224
-798292
-798492
-798440
-798312
-798464
-798464
-798504
-798500
-798560
-798568
-798508
-798508
-798516
-798496
-798412
-798476
-798564
-798768
-798772
-798764
-798728
-798720
-798772
-798436
-798464
-798528
-798544
-798592
-798596
-798596
-798548
-798596
-798644
-798628
-798776
-798824
-798816
-798912
-798940
-798832
-798836
-798788
-798860
-798672
-798748
-798736
-798676
-798568
-798584
-798576
-798476
-798272
-798260
-798220
-798140
-798240
-798304
-798396
-798484
-798512
-798592
-798456
-798644
-798692
-798832
-798928
-798804
-798856
-798752
-798848
-798772
-798884
-799072
-798992
-798860
-798728
-798632
-798712
-798468
-798572
-798548
-798508
-798416
-798312
-798324
-798320
-798324
-798272
-798076
-798044
-797996
-797952
-797964
-797940
-798016
-797940
-797952
-797980
-798048
-798120
-798164
-798244
-798252
-798032
-798076
-798220
-798288
-798332
-798240
-798124
-798072
-798164
-797680
-797628
-797764
-797956
-798060
-798036
-798072
-798052
-798232
-798168
-798056
-798068
-798056
-798004
-797868
-797812
-797796
-797880
-797992
-797828
-797904
-797824
-797812
-797844
-797920
-797908
-798152
-798260
-798180
-798096
-798116
-798144
-798232
-798320
-798536
-798416
-798448
-798588
-798476
-798468
-798432
-798456
-798464
-798592
-798768
-798524
-798616
-798512
-798480
-798388
-798352
-798332
-798424
-798232
-798340
-798144
-798116
-797924
-797800
-798052
-797960
-797916
-797896
-797836
-797860
-797856
-798032
-798120
-798096
-798136
-798488
-798420
-798508
-798504
-798384
-798300
-798268
-798232
-798332
-798112
-798208
-798176
-798052
-797980
-797976
-798068
-798024
-798064
-798088
-798116
-797932
-798020
-797944
-798012
-798188
-798364
-798356
-798416
-798480
-798476
-798600
-798396
-798372
-798328
-798188
-798248
-798280
-798396
-798356
-798420
-798456
-798428
-798348
-798220
-798292
-798248
-798260
-798212
-798252
-798272
-798056
-798092
-797988
-798140
-798140
-798108
-797872
-797968
-797908
-797816
-797772
-797972
-797952
-797880
-797856
-797796
-797780
-797808
-797756
-797816
-797744
-797692
-797896
-798108
-798324
-798252
-798200
-798264
-798284
-798144
-798136
-798144
-798052
-798000
-797920
-797764
-797748
-797864
-797756
-797760
-797768
-797844
-797992
-798088
-798232
-798216
-798872
-798888
-798724
-798748
-798764
-798776
-798760
-798952
-799024
-799168
-798976
-799316
-799380
-799316
-799168
-799004
-799036
-798960
-799008
-798936
-798748
-798688
-798536
-798444
-798380
-798448
-798384
-798192
-798232
-798364
-798204
-798288
-798240
-798108
-797980
-797880
-797956
-798044
-798040
-798200
-798176
-798196
-798204
-798296
-798152
-798240
-798152
-798076
-798328
-798284
-798296
-798352
-798356
-798440
-798596
-798580
-798652
-798584
-798660
-798572
-798580
-798688
-798680
-798652
-798636
-798676
-798696
-798916
-798868
-799056
-799144
-799252
-799128
-799180
-799244
-799324
-799380
-799468
-799644
-799664
-799784
-799732
-799728
-799700
-799720
-799652
-799680
-799816
-799856
-799872
-799820
-799864
-799768
-799836
-799352
-799368
-799316
-799188
-799340
-799272
-799348
-799256
-799328
-799340
-799364
-799704
-799932
-799944
-800004
-800052
-800036
-800064
-800160
-800256
-800172
-800252
-800240
-800372
-800348
-800428
-800588
-800524
-800560
-800468
-800468
-800336
-800244
-800212
-800176
-800456
-800460
-800532
-800480
-800440
-800428
-800456
-800528
-800604
-800656
-800588
-800600
-800484
-800456
-800572
-800784
-800832
-800716
-800600
-800488
-800400
-800424
-800332
-800424
-800508
-800432
-800244
-800336
-800312
-800328
-800324
-800320
-800224
-800008
-799952
-800060
-799984
-799896
-799948
-799828
-799888
-799840
-799692
-799608
-799652
-799780
-799724
-800012
-800020
-800220
-800168
-799992
-799976
-800104
-800216
-800288
-800244
-800128
-800220
-800208
-800200
-800156
-800156
-800260
-800396
-800352
-800304
-800036
-799996
-799928
-800004
-799924
-800008
-799956
-799960
-799928
-799944
-799932
-799836
-800068
-799784
-799684
-799560
-799596
-799548
-799844
-799820
-799852
-799960
-799764
-799744
-799824
-799728
-799608
-799596
-799888
-800112
-800220
-800164
-800116
-800008
-799884
-799812
-799852
-799792
-799820
-799780
-799712
-799856
-799732
-799652
-799560
-799660
-799512
-799532
-799420
-799416
-799500
-799564
-799488
-799680
-799700
-799688
-799600
-799500
-799604
-799656
-799608
-799608
-799556
-799652
-799672
-799808
-799900
-799832
-799880
-799744
-799648
-799628
-799724
-799928
-800008
-799964
-800020
-799884
-799808
-799808
-799836
-799752
-799660
-799708
-799652
-799628
-799604
-799668
-799672
-799636
-799512
-799544
-799412
-799372
-799408
-799392
-799460
-799448
-799504
-799644
-799632
-799712
-799540
-799556
-799656
-799592
-799624
-799756
-799752
-799984
-799924
-800020
-799844
-799880
-799956
-799912
-799868
-799696
-799736
-799452
-799524
-799416
-799240
-799164
-798984
-799072
-799004
-799128
-799068
-799164
-799224
-799172
-799224
-799084
-799260
-799340
-799580
-799572
-799616
-799544
-799544
-799464
-799572
-799560
-799472
-799512
-799584
-799728
-799712
-799952
-800076
-800028
-800144
-800404
-800472
-800420
-800468
-800400
-800456
-800608
-800604
-800576
-800648
-800684
-800708
-800628
-800644
-800448
-800352
-800208
-800184
-800280
-800316
-800176
-799820
-799856
-799836
-799976
-799756
-799644
-799524
-799464
-799480
-799540
-799584
-799788
-799864
-799788
-799668
-799600
-799556
-799504
-799680
-799752
-800212
-800200
-800156
-800184
-800212
-800188
-800236
-800344
-800336
-800320
-800344
-800400
-800328
-800296
-800232
-800288
-800296
-800416
-800424
-800276
-800312
-800376
-800560
-800584
-800508
-800280
-800232
-800164
-800176
-800188
-800248
-799868
-799852
-799820
-799816
-799768
-799860
-799808
-799996
-799760
-799640
-799704
-799832
-799832
-799868
-799716
-799740
-799904
-800060
-799968
-799980
-799892
-799960
-799920
-799916
-799964
-800016
-800020
-799872
-799804
-799960
-799876
-799840
-799812
-799720
-799696
-799816
-799816
-799880
-800028
-800148
-800116
-800028
-799964
-800028
-800092
-800040
-800016
-800028
-799812
-799848
-799744
-799576
-799520
-799660
-799656
-799684
-799724
-799580
-799468
-799480
-799464
-799608
-799572
-799632
-799728
-799528
-799644
-799560
-799664
-799640
-799716
-799708
-799824
-799636
-799756
-799760
-799704
-799640
-799508
-799480
-799500
-799380
-799628
-799624
-799588
-799656
-799712
-799740
-799596
-799508
-799432
-799252
-799132
-799228
-799192
-799164
-799204
-799224
-799320
-799300
-799344
-799416
-799280
-799376
-799260
-799144
-799244
-799056
-799028
-799008
-799108
-799364
-799348
-799416
-799540
-799452
-799304
-799324
-799228
-799208
-799032
-798996
-798936
-799060
-799220
-799256
-799304
-799348
-799360
-799536
-799528
-799588
-799728
-799688
-799576
-799480
-799428
-799272
-799324
-799344
-799352
-799460
-799464
-799408
-799352
-799156
-799148
-799008
-799156
-799144
-799116
-798988
-799168
-799192
-799196
-799048
-799204
-799296
-799296
-799352
-799440
-799324
-799408
-799556
-799440
-799152
-799096
-798936
-798952
-798912
-798904
-799004
-798920
-799072
-799232
-799268
-799204
-799076
-799080
-799272
-799356
-799420
-799168
-799184
-799132
-799028
-799100
-799128
-798964
-798928
-799032
-798952
-798992
-799004
-799088
-798944
-799068
-799084
-799092
-799076
-799052
-798812
-798760
-798680
-798640
-798520
-798348
-798316
-798264
-798136
-798104
-798140
-798160
-798188
-798076
-798096
-798208
-798284
-798276
-798240
-798292
-798392
-798336
-798280
-798368
-798320
-798308
-798392
-798368
-798300
-798220
-798336
-798280
-798164
-798192
-798196
-798164
-798340
-798296
-798072
-798164
-798180
-798108
-798204
-798556
-798640
-798768
-798612
-798500
-798536
-798496
-798444
-798480
-798444
-798452
-798620
-798728
-798732
-798616
-798640
-798672
-798544
-798832
-798708
-798876
-798892
-798648
-798616
-798592
-798552
-798676
-798588
-798528
-798516
-798468
-798480
-798568
-798444
-798364
-798536
-798556
-798576
-798496
-798464
-798016
-797988
-798052
-798304
-798148
-798164
-798048
-798032
-797992
-798140
-798056
-798072
-798036
-798176
-798228
-798248
-798152
-798136
-798144
-798276
-798472
-798592
-798576
-798444
-798404
-798396
-798364
-798288
-798276
-798344
-798504
-798492
-798476
-798508
-798296
-798328
-798376
-798276
-798240
-798240
-798392
-798300
-798364
-798376
-798256
-798140
-798180
-797908
-797912
-797864
-797964
-797952
-797840
-797976
-798128
-798120
-798040
-797844
-797828
-798072
-798020
-798136
-798240
-798196
-798144
-798140
-798216
-798160
-798232
-798284
-798312
-798332
-798340
-798292
-798372
-798436
-798356
-798408
-798344
-798136
-798188
-798052
-798132
-798040
-798000
-798144
-798220
-798168
-798072
-798044
-797984
-798056
-797964
-797728
-797592
-797704
-797784
-797796
-797824
-797896
-797952
-797904
-797672
-797564
-797628
-797704
-797884
-797864
-797952
-797908
-797832
-797608
-797584
-797664
-797592
-797568
-797600
-797572
-797640
-797692
-797748
-797976
-797856
-797908
-797956
-797928
-797820
-797972
-797988
-798044
-798048
-798004
-798044
-798076
-798072
-797812
-797800
-797776
-797796
-797816
-797840
-797864
-797904
-797896
-797732
-797612
-797664
-797808
-797736
-797712
-797552
-797588
-797736
-797724
-798020
-798000
-797920
-797788
-797816
-797848
-798064
-798052
-798072
-797992
-798168
-798108
-798072
-798244
-798204
-798272
-798264
-798096
-798220
-798180
-798236
-798208
-798228
-798280
-798276
-798128
-798004
-797748
-797616
-797848
-797824
-797720
-797988
-797916
-797908
-798188
-798124
-798032
-798180
-798216
-798180
-798176
-798164
-798336
-798408
-798296
-798312
-798256
-798112
-798224
-798188
-798268
-798256
-798340
-798216
-798268
-798232
-798328
-798256
-798196
-798336
-798392
-798376
-798332
-798324
-798376
-798244
-798432
-798220
-798264
-798088
-798036
-798128
-797996
-798052
-798004
-798128
-798248
-798320
-798300
-798416
-798640
-798536
-798580
-798652
-798768
-798768
-798800
-798848
-798816
-798788
-798776
-798856
-798824
-798740
-798692
-798600
-798824
-798936
-798792
-798748
-798864
-798960
-798948
-799144
-799032
-799004
-798884
-798960
-798988
-799124
-799104
-799212
-799248
-798868
-798964
-798852
-798760
-798856
-798952
-798964
-798696
-798468
-798416
-798456
-798472
-798624
-798656
-798688
-798944
-798936
-799012
-798984
-798976
-799016
-799020
-799044
-799020
-799304
-799336
-799448
-799688
-799812
-799800
-799700
-799672
-799708
-799636
-799580
-799724
-799668
-799604
-799608
-799536
-799560
-799416
-799260
-799300
-799328
-799232
-799336
-799348
-799484
-799392
-799196
-799040
-798976
-798912
-798800
-799008
-798948
-798968
-799072
-799056
-799144
-799184
-799368
-799324
-799160
-799044
-799076
-799284
-799204
-799484
-799664
-799800
-799740
-799716
-799836
-799848
-799744
-799740
-799804
-799856
-799756
-799748
-799652
-799672
-799612
-799672
-799764
-799664
-799764
-799672
-799816
-799864
-799856
-799824
-800036
-800020
-799956
-799924
-799908
-799976
-799864
-799872
-799772
-799736
-799720
-799852
-799820
-799804
-799636
-799636
-799664
-799620
-799612
-799540
-799464
-799528
-799696
-799776
-799660
-799640
-799732
-799696
-799788
-799604
-799700
-799708
-799668
-799616
-799616
-799448
-799540
-799724
-799644
-799528
-799440
-799448
-799340
-799504
-799124
-798920
-798964
-798800
-798632
-798620
-798572
-798324
-798224
-798192
-797912
-797904
-797884
-797772
-797832
-797744
-797792
-797784
-797736
-797792
-797676
-797680
-797844
-797804
-797844
-797676
-797568
-797520
-797540
-797660
-797588
-797876
-797920
-797916
-797908
-797900
-797944
-797972
-798208
-798004
-798008
-798012
-798076
-797864
-797712
-797816
-797856
-798064
-797872
-797912
-798056
-798012
-798052
-798220
-798152
-798200
-798312
-798168
-798196
-798024
-798160
-798232
-798328
-798328
-798456
-798540
-798516
-798376
-798336
-798432
-798420
-798256
-798256
-798316
-798224
-798292
-798368
-798064
-798224
-798188
-798088
-798160
-798260
-798240
-798164
-798148
-798168
-798260
-798172
-798012
-797996
-797984
-798032
-798144
-798160
-798188
-798204
-798208
-798300
-798296
-798272
-798000
-797936
-798104
-798096
-797844
-797900
-797848
-797816
-797828
-797820
-797900
-797744
-797788
-797768
-797776
-797836
-797756
-797812
-797632
-797644
-797828
-797892
-797904
-797904
-798084
-798028
-798116
-798236
-798316
-798248
-798552
-798496
-798832
-798888
-799028
-799144
-799064
-798836
-798736
-798712
-798608
-798596
-798572
-798636
-798536
-798448
-798268
-798180
-798200
-798276
-798184
-798164
-798164
-798152
-798164
-798248
-798268
-798224
-798564
-798496
-798300
-798272
-798608
-798624
-798760
-798684
-798628
-798884
-799096
-799132
-799064
-798744
-798716
-798620
-798736
-798692
-798776
-798636
-798728
-798728
-798808
-798876
-798936
-798900
-799020
-799024
-799104
-799132
-799168
-799244
-799180
-799088
-799196
-799512
-799440
-799516
-799468
-799380
-799312
-799104
-798972
-798968
-798940
-799048
-799156
-799044
-799116
-799060
-799024
-799064
-799052
-799080
-799044
-799020
-798960
-798800
-798564
-798652
-798868
-798932
-798988
-798976
-799140
-799076
-799084
-798948
-798836
-799004
-799064
-798996
-799080
-799052
-798984
-798960
-798944
-799012
-799212
-799360
-799296
-799284
-799340
-799304
-799560
-799764
-799844
-799648
-799660
-799788
-799820
-800084
-799900
-800144
-800232
-800120
-800184
-800300
-800264
-800248
-799940
-799936
-799992
-800012
-799980
-799928
-799856
-799808
-799996
-799924
-800076
-800172
-800236
-800180
-800068
-799948
-799964
-799792
-799704
-799900
-799792
-799832
-799680
-799756
-799860
-799812
-799992
-799992
-799960
-799872
-799776
-799892
-799908
-800408
-800468
-800528
-800620
-800580
-800484
-800560
-800540
-800464
-800372
-800420
-800252
-800148
-799952
-799940
-800020
-800156
-800180
-800236
-800384
-800464
-800388
-800536
-800696
-800652
-800672
-800756
-800644
-800624
-800480
-800340
-800428
-800500
-800388
-800272
-800128
-800208
-800304
-800284
-800292
-800208
-800160
-800060
-799996
-800016
-799812
-799820
-799808
-799920
-799880
-799924
-800000
-800044
-800052
-800164
-800180
-800076
-800372
-800444
-800788
-800832
-801176
-801096
-801040
-800944
-800936
-800932
-800904
-800832
-800848
-800824
-800652
-800408
-800488
-800748
-800696
-800588
-800668
-800780
-800696
-800912
-800812
-800768
-800700
-800612
-800652
-800608
-800588
-800576
-800692
-800888
-800680
-800836
-800876
-801008
-801192
-800996
-801052
-801200
-800984
-800788
-800852
-800724
-800936
-800852
-800824
-800676
-800672
-800656
-800740
-800632
-800516
-800456
-800624
-800492
-800588
-800508
-800504
-800700
-800732
-801088
-801156
-801100
-801008
-801020
-801040
-800972
-800944
-800600
-800788
-800756
-800896
-800980
-801060
-801040
-801120
-801232
-801164
-801132
-801384
-801296
-801408
-801508
-801584
-801664
-801656
-801680
-801736
-801792
-801748
-801628
-801688
-801528
-801620
-801652
-801544
-801788
-801772
-801924
-801744
-801564
-801512
-801436
-801340
-801244
-801232
-801156
-801228
-801264
-801396
-801480
-801344
-801316
-801304
-801428
-801228
-801100
-801124
-801112
-801204
-801124
-800964
-800928
-800984
-801036
-800956
-800968
-800972
-800972
-801024
-800920
-801016
-800884
-800680
-800732
-800656
-800636
-800684
-800468
-800636
-800700
-800764
-800788
-800908
-801064
-800964
-800856
-800932
-801016
-800932
-800916
-800772
-800764
-800740
-800668
-800668
-800652
-800784
-800740
-800700
-800760
-800852
-800624
-800644
-800896
-800792
-800772
-800664
-800768
-800828
-800816
-800764
-800796
-800852
-800940
-800800
-800796
-800688
-800796
-800756
-800684
-800692
-800572
-800388
-800576
-800476
-800476
-800628
-800520
-800460
-800400
-800488
-800420
-800440
-800304
-800248
-800228
-800336
-800320
-800268
-800324
-800276
-800176
-800128
-799716
-799660
-799712
-799712
-799644
-799540
-799608
-799692
-799732
-799828
-799824
-799772
-799576
-799784
-799728
-799780
-799836
-799772
-799720
-799716
-799576
-799600
-799552
-799516
-799516
-799540
-799272
-799296
-799332
-799320
-799400
-799408
-799428
-799352
-799356
-799564
-799440
-799324
-799252
-799296
-799188
-799352
-799252
-799180
-799132
-799200
-799132
-799308
-799276
-799432
-799460
-799484
-799596
-799628
-799580
-799560
-799724
-799704
-799764
-799744
-799728
-799700
-799584
-799580
-799572
-799404
-799252
-799224
-799128
-798956
-799000
-798808
-798836
-798732
-798820
-798828
-798664
-798648
-798760
-798704
-798716
-798812
-798616
-798444
-798264
-798180
-798328
-798344
-798320
-798360
-798344
-798532
-798484
-798536
-798576
-798632
-798848
-798780
-798820
-798668
-798396
-798376
-798260
-798352
-798276
-798380
-798368
-798240
-798188
-798208
-798268
-798104
-798180
-798080
-798060
-798144
-797996
-798124
-798184
-798220
-798080
-797952
-797856
-797892
-797904
-798136
-798188
-798180
-798352
-798356
-798352
-798396
-798532
-798624
-798672
-798692
-798728
-798884
-798816
-798832
-798740
-798696
-798792
-798536
-798540
-798704
-798904
-798900
-798976
-798908
-798784
-799144
-799108
-799064
-798992
-799288
-799360
-799384
-799368
-799356
-799288
-799208
-799068
-799108
-799092
-798832
-798820
-798908
-799004
-798972
-798996
-798884
-798712
-798640
-798712
-798948
-799212
-799132
-799088
-799048
-799268
-799188
-799056
-798960
-798864
-798932
-799028
-799060
-798900
-799044
-798904
-798876
-798652
-798728
-798860
-799040
-799132
-799072
-799056
-799036
-799020
-798992
-798808
-798764
-798584
-798560
-798516
-798560
-798524
-798532
-798564
-798508
-798620
-798660
-798620
-798584
-798372
-798296
-798592
-798556
-798696
-798500
-798460
-798564
-798436
-798260
-798304
-798540
-798540
-798480
-798432
-798404
-798168
-798144
-798232
-798344
-798428
-798384
-798464
-798420
-798484
-798488
-798484
-798400
-798416
-798444
-798592
-798656
-798644
-798796
-798820
-798980
-799144
-799204
-799208
-799228
-799188
-799396
-799528
-799412
-799352
-799296
-799324
-799424
-799508
-799560
-799508
-799560
-799832
-799844
-799892
-799688
-799788
-799768
-799764
-799772
-799956
-799940
-800080
-799976
-799984
-799952
-799944
-799984
-799996
-799932
-799772
-799612
-799548
-799600
-799544
-799628
-799604
-799644
-799732
-799592
-799596
-799592
-799620
-799600
-799752
-799684
-799820
-799704
-799728
-799776
-799788
-799640
-799524
-799596
-799644
-799628
-799596
-799520
-799544
-799476
-799484
-799692
-799640
-799668
-799604
-799732
-799828
-799880
-799872
-799724
-799808
-799520
-799424
-799364
-799400
-799372
-799252
-799216
-799104
-799200
-799356
-799364
-799552
-799536
-799464
-799484
-799516
-799156
-799288
-799380
-799432
-799580
-799784
-799788
-799884
-799828
-800008
-800160
-800160
-800384
-800128
-800232
-800236
-800356
-800368
-800500
-800156
-800132
-799976
-800012
-800016
-800092
-799972
-799868
-799964
-799872
-799800
-799908
-799788
-799824
-799880
-799832
-799772
-799712
-799664
-799672
-799652
-799412
-799712
-799624
-799540
-799612
-799604
-799640
-799668
-799612
-799676
-799652
-799824
-799820
-799744
-799760
-799836
-799764
-799784
-799828
-799680
-799732
-799800
-799876
-799976
-800140
-800052
-800108
-800244
-800240
-800288
-800352
-800348
-800380
-800420
-800508
-800540
-800680
-800620
-800732
-800768
-800584
-800544
-800412
-800276
-800284
-800192
-800148
-800200
-800152
-800068
-800072
-800012
-800228
-800356
-800208
-800208
-800156
-800200
-800268
-800300
-800380
-800420
-800428
-800472
-800404
-800508
-800396
-800512
-800508
-800580
-800668
-800572
-800428
-800356
-800352
-800264
-800220
-800288
-800348
-800364
-800260
-800184
-800216
-800304
-800320
-800384
-800348
-800304
-800332
-800468
-800492
-800468
-800436
-800384
-800352
-800436
-800436
-800848
-800820
-800576
-800556
-800616
-800720
-800852
-800964
-801176
-801300
-801352
-801252
-801128
-800832
-800744
-800624
-800952
-800888
-801036
-801056
-801088
-801072
-801120
-801152
-801096
-801076
-800960
-801000
-801208
-801392
-801372
-801500
-801468
-801464
-801580
-801616
-801672
-801692
-801800
-801828
-801840
-802004
-802016
-801876
-801808
-801784
-801836
-801656
-801728
-801680
-801480
-801416
-801472
-801544
-801712
-801512
-801644
-801648
-801580
-801448
-801424
-801348
-800880
-800812
-800644
-800468
-800536
-800596
-800580
-800644
-800568
-800596
-800620
-800648
-800724
-800748
-800744
-800688
-800768
-800832
-800896
-801156
-801248
-801328
-801220
-800976
-800896
-800904
-800992
-800800
-800768
-800804
-800712
-800692
-800640
-800828
-800668
-800668
-800876
-800960
-801056
-801044
-801112
-801208
-801168
-801112
-801000
-801040
-800800
-800748
-800724
-800744
-800720
-800744
-800744
-800676
-800736
-800836
-800828
-800720
-800604
-800640
-800508
-800432
-800312
-800288
-800452
-800848
-800772
-800920
-800912
-800908
-800940
-801068
-801024
-801208
-801348
-801332
-801396
-801420
-801268
-801124
-800992
-801024
-800944
-801008
-801116
-801036
-800956
-801028
-801024
-801060
-801132
-801100
-801180
-800976
-800748
-800724
-800860
-800848
-800864
-800828
-800728
-800744
-800768
-800628
-800580
-800256
-800276
-800128
-800000
-799956
-800172
-800464
-800360
-800380
-800492
-800664
-800440
-800304
-800276
-800208
-800128
-800156
-800220
-800228
-800180
-800228
-800364
-800328
-800280
-800260
-800236
-800240
-800180
-800096
-800064
-799960
-800056
-800120
-800108
-800248
-800176
-800180
-800184
-800144
-800280
-800052
-799992
-799940
-800000
-799920
-799988
-800252
-800372
-800380
-800396
-800380
-800428
-800404
-800500
-800572
-800564
-800620
-800632
-800440
-800404
-800276
-800284
-800148
-800200
-800216
-800212
-800156
-800080
-800016
-800040
-800108
-800180
-800156
-800072
-800040
-800072
-800032
-800172
-800120
-799996
-800112
-800028
-800004
-800028
-800112
-800068
-800080
-800028
-799972
-799764
-799740
-799552
-799464
-799420
-799520
-799388
-799248
-799280
-799220
-799216
-799404
-799612
-799712
-799664
-799728
-799924
-799688
-799592
-799700
-799696
-799772
-799608
-799612
-799644
-799524
-799272
-799168
-799068
-799192
-799412
-799228
-799116
-799052
-798860
-798888
-798972
-798928
-798852
-798812
-798704
-798676
-798644
-798564
-798664
-798600
-798592
-798216
-798208
-798184
-798096
-798112
-798032
-798044
-797900
-798008
-798072
-798320
-798348
-798348
-798332
-798260
-798264
-798208
-798184
-798000
-797780
-797844
-797800
-797760
-797732
-797728
-798088
-798048
-798124
-798092
-798008
-798020
-798168
-798312
-798308
-798304
-798228
-798400
-798400
-798432
-798548
-798880
-798864
-798848
-798844
-798768
-798968
-798888
-799132
-799112
-799048
-799092
-799108
-799120
-799140
-799288
-799256
-799348
-799368
-799508
-799356
-799552
-799728
-799796
-799688
-799508
-799476
-799728
-799672
-799504
-799576
-799544
-799420
-799516
-799696
-799380
-799424
-799384
-799536
-799588
-799472
-799296
-799384
-799436
-799460
-799524
-799500
-799356
-799512
-799532
-799732
-799728
-799544
-799748
-799768
-799688
-799628
-799676
-799560
-799788
-799708
-799660
-799732
-799744
-799668
-799552
-799544
-799652
-799720
-799740
-799696
-799640
-799680
-799852
-800056
-800068
-800064
-800112
-800120
-800192
-800128
-800376
-800248
-800100
-800016
-800036
-799916
-799920
-800012
-800228
-800140
-800180
-800152
-800084
-800124
-800064
-800080
-800084
-799928
-799896
-799944
-799872
-799904
-799768
-799644
-799644
-799572
-799548
-799476
-799432
-799520
-799452
-799652
-799632
-799668
-799864
-799904
-799940
-799964
-799824
-799696
-799468
-799324
-799432
-799248
-799168
-799212
-799192
-799360
-799332
-799320
-799272
-799240
-799232
-799072
-799004
-799028
-799212
-799192
-799324
-799396
-799352
-799340
-799304
-799200
-799196
-799204
-799144
-799136
-799276
-799180
-799276
-799180
-799044
-799040
-799080
-799032
-799172
-799096
-798908
-798736
-798688
-798740
-798852
-798880
-799132
-799108
-799016
-799056
-799080
-799008
-799356
-799256
-799316
-799260
-799512
-799628
-799624
-799464
-799476
-799400
-799552
-799336
-799260
-799184
-799384
-799524
-799672
-799652
-799592
-799492
-799512
-799600
-799620
-799804
-799772
-799800
-799776
-799820
-799724
-799704
-799664
-799640
-799824
-799632
-799952
-799996
-799928
-799884
-799816
-799940
-799996
-800092
-800088
-800168
-800052
-800044
-800040
-800080
-800052
-800192
-800052
-800092
-800024
-800048
-800140
-800060
-800280
-800336
-800144
-799972
-799916
-799832
-799772
-799752
-799704
-799548
-799724
-799832
-799952
-800056
-800056
-799948
-799736
-799824
-799892
-799832
-799912
-799880
-799740
-799800
-799840
-799820
-799908
-799984
-799868
-799720
-799760
-799936
-799884
-799968
-800004
-800180
-800272
-800368
-800432
-800424
-800352
-800216
-800120
-800116
-800176
-800200
-800324
-800372
-800376
-800488
-800604
-800880
-800840
-800880
-800948
-800952
-800972
-801024
-801120
-801056
-800940
-800816
-800724
-800668
-800808
-800792
-800676
-800604
-800252
-800288
-800236
-800220
-800264
-800360
-800532
-800608
-800648
-800596
-800632
-800688
-800900
-801020
-801004
-800900
-800620
-800628
-800724
-800624
-800684
-800480
-800512
-800604
-800788
-800696
-800936
-801000
-800992
-801036
-801048
-801060
-801184
-801116
-801200
-801272
-801304
-801280
-801444
-801544
-801664
-801588
-801600
-801684
-801744
-801664
-801620
-801424
-801344
-801424
-801496
-801588
-801412
-801656
-801744
-801548
-801700
-801676
-801652
-801704
-801800
-802020
-801988
-801836
-801860
-801856
-801812
-801704
-801624
-801524
-801444
-801320
-801544
-801708
-801616
-801660
-801596
-801552
-801436
-801284
-801344
-801372
-801412
-801472
-801516
-801280
-801236
-801140
-801032
-801140
-801180
-801116
-801080
-801044
-801036
-800984
-801220
-801232
-801324
-801344
-801460
-801264
-801296
-801272
-801088
-801172
-801316
-801420
-801728
-801696
-801876
-801652
-801700
-801680
-801688
-801636
-801608
-801376
-801240
-801076
-801160
-800828
-800940
-800864
-800884
-800684
-800772
-800784
-800796
-800784
-800932
-800780
-800668
-800656
-800596
-800612
-800628
-800452
-800464
-800568
-800472
-800436
-800388
-800380
-800532
-800712
-800820
-800868
-801004
-801016
-801188
-801232
-801264
-801152
-801328
-801464
-801500
-801504
-801532
-801608
-801668
-801696
-801692
-801520
-801440
-801380
-801208
-801132
-801056
-800996
-801084
-800968
-801064
-801200
-801216
-801112
-801104
-801076
-801072
-801156
-801132
-801108
-801180
-801056
-801084
-800924
-801032
-801064
-801160
-801052
-801016
-800928
-800816
-800864
-800928
-800824
-800852
-800920
-801064
-801112
-800968
-801048
-801020
-800836
-800716
-800668
-800664
-800760
-800672
-800684
-800636
-800688
-800772
-800568
-800548
-800512
-800576
-800524
-800552
-800724
-800752
-800648
-800924
-800740
-801164
-801136
-801032
-801108
-801060
-801148
-801388
-801516
-801552
-801516
-801536
-801552
-801572
-801648
-801560
-801524
-801652
-801668
-801784
-801804
-801736
-801628
-801540
-801516
-801496
-801504
-801592
-801652
-801432
-801604
-801636
-801588
-801424
-801188
-801236
-801156
-801084
-800912
-801012
-801056
-800996
-800920
-800880
-800864
-800860
-800832
-800916
-801084
-800928
-801208
-801108
-801056
-801296
-801236
-801228
-801408
-801488
-801316
-801296
-801276
-801188
-801184
-801124
-801128
-801016
-800972
-800736
-800840
-800956
-801056
-801096
-801108
-801012
-800992
-801020
-801124
-801108
-801188
-801008
-801028
-800760
-800896
-800744
-800804
-800952
-800932
-800508
-800544
-800432
-800392
-800424
-800464
-800428
-800476
-800612
-800664
-800732
-800824
-800728
-800984
-800920
-800936
-800880
-800804
-800648
-800772
-800840
-800660
-800872
-800832
-800800
-800672
-800584
-800564
-800404
-800624
-800424
-800564
-800508
-800432
-800616
-800588
-800628
-800668
-800676
-800828
-800820
-800836
-800732
-800756
-800676
-800944
-801136
-801128
-801236
-801232
-801296
-801172
-801200
-801316
-801196
-801200
-801128
-801216
-801296
-801376
-801320
-801304
-801292
-801456
-801352
-801440
-801712
-801676
-801780
-801696
-801668
-801768
-801748
-801672
-801600
-801468
-801456
-801372
-801360
-801436
-801628
-801560
-801564
-801504
-801568
-801556
-801588
-801464
-801320
-801604
-801608
-801408
-801404
-801364
-801444
-801552
-801680
-801676
-801616
-801796
-801696
-801592
-801544
-801536
-801432
-801428
-801488
-801356
-801448
-801480
-801520
-801512
-801432
-801356
-801236
-801080
-801064
-800964
-801072
-801160
-801260
-801640
-801552
-801416
-801428
-801336
-801236
-801160
-801132
-801164
-801224
-801316
-801280
-801356
-801308
-801276
-801480
-801420
-801300
-801220
-801168
-801212
-801240
-801412
-801276
-801328
-801364
-801400
-801480
-801476
-801300
-801320
-801108
-801216
-801124
-801212
-801140
-800860
-800824
-800852
-801224
-801116
-801032
-800912
-800824
-800708
-800756
-800780
-800604
-800684
-800604
-800612
-800616
-800548
-800584
-800568
-800576
-800744
-800732
-800548
-800516
-800472
-800360
-800384
-800488
-800480
-800680
-800660
-800696
-800736
-800820
-800764
-800592
-800584
-800628
-800688
-800704
-800668
-800800
-800468
-800436
-800360
-800324
-800284
-800260
-800448
-800364
-800420
-800316
-800428
-800308
-800148
-800356
-799940
-799920
-800116
-800108
-800056
-800048
-799884
-799996
-799972
-800008
-800148
-800144
-800072
-800056
-800132
-800108
-800040
-800088
-799928
-800008
-800092
-799996
-799996
-800032
-800200
-800140
-800008
-800064
-799972
-800068
-800008
-800320
-800320
-800268
-800184
-800152
-800160
-800276
-800304
-800328
-800352
-800360
-800396
-800484
-800596
-800716
-800768
-800836
-800660
-800692
-800544
-800380
-800536
-800580
-800468
-800532
-800464
-800432
-800356
-800396
-800376
-800396
-800424
-800416
-800360
-800376
-800356
-800404
-800352
-800364
-800292
-800304
-800344
-800236
-800248
-800176
-800128
-799984
-799996
-800152
-800192
-800264
-800284
-800132
-800032
-799944
-800020
-800112
-800192
-800060
-800128
-800140
-800088
-800164
-800276
-800208
-800228
-800332
-800508
-800520
-800928
-800900
-801016
-800984
-800848
-800880
-800976
-800952
-801060
-801020
-800808
-800788
-800748
-800820
-800652
-800580
-800596
-800684
-800868
-800708
-800628
-800788
-800960
-801036
-800988
-800940
-801084
-801068
-801084
-801056
-801008
-801120
-801384
-801364
-801556
-801548
-801524
-801288
-801176
-801160
-801188
-800992
-800964
-800960
-800988
-800920
-800924
-800968
-801032
-800912
-800788
-800748
-800836
-800936
-800968
-800876
-800884
-801040
-801104
-801248
-801204
-801500
-801344
-801312
-801384
-801336
-801308
-801136
-801104
-801300
-801280
-801460
-801468
-801348
-801288
-801064
-801096
-801216
-801176
-801216
-801224
-801136
-800996
-800852
-800872
-800868
-801040
-801016
-801008
-801072
-801136
-801172
-801248
-801200
-801324
-801300
-801512
-801452
-801612
-801400
-801196
-801244
-801344
-801352
-801412
-801296
-801072
-801132
-801008
-801060
-801040
-801004
-801052
-801004
-800936
-801192
-801172
-801256
-801040
-801216
-801348
-801564
-801540
-801588
-801724
-801700
-801760
-801744
-801748
-801792
-801832
-801784
-801792
-801816
-802016
-802108
-802036
-802164
-802288
-802324
-802424
-802444
-802424
-802360
-802256
-802228
-802176
-802144
-802260
-802148
-801996
-802072
-802148
-802208
-802080
-802112
-802148
-802180
-802000
-802048
-802044
-802048
-802044
-801940
-801828
-801888
-801788
-801728
-801828
-801716
-801736
-801644
-801640
-801704
-801768
-801716
-801792
-801812
-801760
-801952
-801840
-801864
-801816
-801828
-801876
-801832
-801768
-801752
-801712
-801704
-801712
-801756
-801736
-801668
-801700
-801476
-801436
-801464
-801464
-801428
-801404
-801208
-801156
-801160
-801316
-801384
-801472
-801344
-801208
-801004
-801068
-801052
-801088
-801068
-801104
-801040
-801012
-801076
-800960
-800760
-800732
-800956
-801104
-801080
-801188
-801104
-801100
-801148
-801236
-801176
-801248
-801280
-801192
-801124
-801152
-801168
-801208
-801216
-801356
-801396
-801396
-801368
-801360
-801432
-801420
-801344
-801476
-801428
-801460
-801372
-801304
-801332
-801212
-801428
-801676
-801572
-801600
-801440
-801488
-801608
-801340
-801240
-801076
-801188
-801220
-801244
-801196
-801084
-801264
-801384
-801628
-801556
-801340
-801396
-801440
-801312
-801128
-801108
-801156
-801120
-801080
-800920
-800996
-801004
-800880
-801012
-801052
-801068
-801092
-801104
-801360
-801296
-801276
-801344
-801412
-801540
-801572
-801744
-801772
-801792
-801692
-801556
-801484
-801668
-801580
-801788
-801732
-801784
-801904
-801916
-801912
-802088
-802104
-802080
-801784
-801732
-801664
-801600
-801724
-801596
-801568
-801504
-801492
-801396
-801376
-801320
-801388
-801468
-801444
-801396
-801240
-801064
-800984
-801020
-801184
-801388
-801192
-801104
-801108
-801144
-801204
-801108
-801128
-801012
-801020
-801320
-801376
-801416
-801464
-801340
-801348
-801376
-801428
-801408
-801500
-801572
-801468
-801496
-801604
-801636
-801556
-801620
-801684
-801616
-801528
-801624
-801572
-801472
-801616
-801780
-801748
-801828
-801772
-801768
-801748
-802016
-801876
-801832
-801788
-801676
-801552
-801552
-801588
-801636
-801664
-801788
-801748
-802020
-801996
-801988
-801984
-802132
-802096
-801988
-801928
-802072
-802044
-802140
-802292
-802520
-802364
-802248
-802220
-802232
-802188
-802172
-802120
-802152
-802392
-802288
-802100
-802172
-802012
-802060
-802168
-802116
-802204
-802148
-802128
-802092
-802088
-801964
-801868
-801888
-801760
-801652
-801720
-801724
-801672
-801512
-801516
-801488
-801536
-801384
-801412
-801716
-801716
-801792
-801760
-801636
-801732
-801664
-801520
-801492
-801452
-801512
-801556
-801416
-801260
-801400
-801472
-801448
-801464
-801488
-801372
-801392
-801416
-801240
-801312
-801428
-801504
-801568
-801464
-801400
-801392
-801412
-801220
-801172
-801212
-801100
-800924
-801020
-801012
-800972
-801204
-801324
-801176
-800932
-800904
-801072
-801140
-801168
-801168
-801184
-801212
-801296
-801292
-801292
-801332
-801316
-801252
-801352
-801284
-801168
-801100
-801040
-800996
-800920
-800908
-800832
-800868
-800756
-800828
-800860
-800844
-800740
-800904
-800888
-800928
-800728
-800616
-800780
-800788
-800948
-800880
-800892
-800856
-800940
-801008
-800988
-800840
-800776
-800896
-801064
-801468
-801444
-801548
-801356
-801244
-801204
-801236
-801364
-801176
-801136
-801168
-801204
-801172
-801056
-801168
-801096
-801176
-801168
-801056
-801116
-801180
-801356
-801236
-801044
-801076
-801084
-801052
-801080
-801048
-800832
-800696
-800752
-800772
-800872
-800676
-800716
-800596
-800572
-800652
-800632
-800600
-800544
-800616
-800576
-800440
-800560
-800556
-800556
-800492
-800416
-800372
-800528
-800512
-800748
-800636
-800612
-800352
-800280
-800192
-800196
-800072
-799828
-800036
-800000
-799836
-799824
-799724
-799620
-799716
-799808
-799784
-799764
-799664
-799656
-799608
-799856
-799792
-799704
-799744
-799736
-799844
-799932
-799888
-799816
-799964
-799976
-799988
-800092
-800052
-800164
-800256
-800300
-800384
-800452
-800580
-800240
-800436
-800492
-800752
-800712
-800620
-800716
-800696
-800788
-800764
-800768
-800828
-800788
-800960
-800884
-800764
-800736
-800744
-800588
-800524
-800484
-800464
-800472
-800372
-800296
-800344
-800324
-800396
-800248
-800324
-800444
-800264
-800264
-800420
-800432
-800176
-800144
-800240
-800132
-800192
-800156
-800236
-800292
-800464
-800596
-800576
-800540
-800544
-800508
-800576
-800512
-800580
-800592
-800588
-800544
-800524
-800500
-800476
-800348
-800292
-800124
-800008
-799880
-799916
-800072
-800216
-800300
-800184
-800092
-799892
-799796
-799804
-799832
-799872
-799884
-800132
-800344
-800324
-800432
-800564
-800652
-800540
-800488
-800400
-800652
-800692
-800784
-800820
-800824
-800708
-800528
-800500
-800444
-800452
-800400
-800456
-800700
-800712
-800764
-800900
-800912
-800868
-800960
-800904
-800952
-800668
-800656
-800648
-800640
-800560
-800564
-800532
-800588
-800476
-800500
-800324
-800328
-800212
-800176
-800176
-800224
-800248
-800240
-800264
-800248
-800232
-800208
-800128
-800316
-800180
-800184
-800124
-800188
-800196
-800264
-800412
-800316
-800200
-800144
-800192
-800164
-800164
-800016
-800068
-800032
-799608
-799620
-799644
-799336
-799204
-799192
-799064
-799072
-798984
-798980
-798836
-798744
-798648
-798888
-798968
-798792
-798864
-798768
-798728
-798672
-798620
-798936
-798852
-798980
-799036
-798944
-799060
-798968
-798968
-799028
-799028
-798952
-799040
-799120
-799256
-799064
-799236
-799304
-799368
-799384
-799272
-799228
-799312
-799400
-799524
-799500
-799568
-799528
-799400
-799412
-799428
-799448
-799436
-799500
-799560
-799492
-799424
-799476
-799444
-799384
-799300
-798920
-798840
-798756
-798820
-798676
-798664
-798692
-798760
-798940
-798764
-798696
-798740
-798760
-798792
-798716
-798636
-798552
-798412
-798328
-798508
-798548
-798588
-798532
-798664
-798520
-798536
-798576
-798540
-798564
-798412
-798380
-798364
-798424
-798492
-798444
-798468
-798420
-798440
-798660
-798628
-798768
-798876
-798752
-798812
-798640
-798536
-798520
-798560
-798400
-798264
-798304
-798292
-797964
-797920
-797832
-797788
-797852
-797972
-797952
-798168
-798000
-798068
-798036
-797784
-797780
-797628
-797296
-797252
-797352
-797400
-797412
-797484
-797412
-797412
-797428
-797536
-797508
-797428
-797480
-797672
-797604
-797584
-797776
-797832
-797696
-797640
-797540
-797628
-797676
-797848
-797816
-797816
-797800
-797660
-797732
-797620
-797656
-797760
-797776
-797804
-797972
-798100
-798152
-798092
-798016
-797892
-797696
-797800
-797856
-797836
-797848
-797984
-797948
-798100
-798308
-798368
-798396
-798484
-798432
-798564
-798672
-798848
-798820
-798744
-798772
-798840
-798904
-798952
-798908
-798820
-798932
-799220
-799192
-799148
-799316
-799488
-799368
-799384
-799344
-799488
-799528
-799516
-799532
-799616
-799692
-799580
-799588
-799676
-799540
-799576
-799628
-799692
-799680
-799664
-799296
-799428
-799472
-799404
-799092
-799276
-799296
-799400
-799236
-799200
-799288
-799036
-799188
-799176
-799048
-798880
-798992
-799148
-798912
-798764
-798876
-798876
-798992
-798972
-798960
-798928
-798756
-798852
-798904
-798904
-798792
-798968
-799008
-798956
-799056
-799128
-799044
-799196
-799168
-799336
-799300
-799448
-799432
-799224
-799240
-799420
-799388
-799324
-799348
-799352
-799424
-799312
-799108
-799116
-799136
-799100
-799172
-799232
-798952
-798896
-799000
-798832
-798876
-799024
-798980
-799068
-799160
-799112
-799208
-799236
-799292
-799336
-799212
-799148
-799292
-799304
-798852
-798732
-798736
-798812
-798828
-799056
-799012
-798908
-798904
-798936
-798796
-798672
-798632
-798680
-798672
-798832
-798788
-798500
-798600
-798508
-798512
-798508
-798608
-798768
-798836
-798832
-798716
-798668
-798492
-798616
-798652
-798704
-798620
-798532
-798344
-798368
-798336
-798480
-798408
-798440
-798368
-798520
-798708
-798624
-798484
-798572
-798496
-798600
-798676
-798592
-798488
-798436
-798388
-798236
-798388
-798336
-798608
-798636
-798596
-798644
-798448
-798700
-798828
-798940
-798920
-798836
-798784
-798796
-798744
-798788
-798848
-798584
-798576
-798688
-798768
-798772
-798724
-798652
-798548
-798576
-798524
-798528
-798852
-798772
-798836
-798768
-798832
-798740
-798708
-798624
-798712
-798656
-798472
-798476
-798368
-798552
-798512
-798460
-798364
-798300
-798172
-797960
-797832
-797724
-797704
-797664
-797576
-797604
-797720
-797772
-797940
-797900
-797908
-798024
-798068
-798284
-798364
-798420
-798396
-798344
-798236
-798124
-798288
-798360
-798156
-798176
-798328
-798444
-798512
-798632
-798528
-798588
-798568
-798492
-798700
-798552
-798644
-798708
-798812
-798692
-798764
-798820
-798632
-798868
-798848
-798868
-798876
-798824
-798644
-798280
-798024
-797960
-798180
-798288
-798280
-798232
-798324
-798264
-798236
-798132
-798300
-798288
-798488
-798440
-798040
-797888
-797924
-797940
-797916
-797964
-797884
-797956
-798072
-797936
-798008
-798056
-798108
-798120
-798096
-798048
-797952
-797800
-797832
-797892
-797936
-798116
-798268
-798244
-798320
-798312
-798280
-798100
-798196
-797904
-797740
-797748
-797756
-797796
-797788
-797664
-797528
-797428
-797576
-797524
-797616
-797532
-797712
-797604
-797544
-797652
-797552
-797548
-797560
-797488
-797496
-797568
-797668
-797792
-797988
-797968
-797908
-797932
-797876
-798016
-798024
-797920
-797904
-797988
-798096
-798132
-798112
-798160
-798088
-798048
-798048
-798036
-797836
-797772
-797724
-797768
-797700
-797744
-797712
-797724
-797776
-797744
-797780
-797756
-797652
-797684
-797776
-797916
-798012
-798084
-798076
-798052
-798076
-798004
-797912
-797956
-797948
-797904
-797748
-797712
-797724
-797692
-797668
-797632
-797692
-797788
-798060
-798132
-798288
-798168
-797788
-797520
-797464
-797472
-797632
-797596
-797612
-797516
-797476
-797472
-797436
-797312
-797352
-797408
-797368
-797244
-797496
-797488
-797236
-797408
-797672
-797452
-797376
-797452
-797504
-797692
-797912
-797928
-798028
-797956
-797984
-798008
-797944
-798056
-798164
-798244
-798240
-798152
-798216
-798276
-798160
-798192
-798320
-798336
-798492
-798144
-798276
-798184
-798384
-798356
-798368
-798476
-798416
-798188
-798200
-798276
-798244
-798148
-798220
-798224
-798180
-798236
-798396
-798400
-798264
-798284
-798400
-798316
-798176
-798252
-798152
-798180
-798268
-798336
-798344
-798256
-798172
-798176
-798164
-798236
-797800
-797696
-797604
-797528
-797620
-797560
-797480
-797548
-797600
-797668
-797680
-797592
-797636
-797588
-797616
-797520
-797416
-797404
-797316
-797420
-797568
-797644
-797768
-797812
-797920
-797948
-797772
-797688
-797672
-797752
-797848
-797888
-797956
-798056
-797996
-797804
-798024
-798188
-798132
-798332
-798328
-798304
-798312
-798400
-798328
-798400
-798440
-798500
-798432
-798468
-798488
-798596
-798644
-798804
-798784
-798828
-798824
-798832
-798856
-798616
-798508
-798456
-798300
-798420
-798380
-798392
-798336
-798216
-798328
-798444
-798600
-798364
-798400
-798316
-798320
-798508
-798612
-798716
-798676
-798644
-798736
-798808
-798648
-798540
-798532
-798568
-798652
-798628
-798704
-798776
-798744
-798740
-798596
-798480
-798516
-798580
-798508
-798484
-798584
-798540
-798484
-798440
-798380
-798580
-798496
-798532
-798408
-798416
-798288
-798132
-798192
-798088
-798136
-798180
-798008
-798052
-798168
-798256
-798220
-798204
-798296
-798164
-798212
-798240
-798272
-798280
-798236
-798260
-798464
-798236
-798280
-798284
-798108
-798180
-798304
-798392
-798304
-798372
-798320
-798412
-798412
-798164
-798084
-797988
-797924
-797944
-797960
-798080
-798040
-798016
-798148
-798004
-798096
-798088
-798128
-798052
-798056
-798172
-798100
-798128
-798216
-798216
-798344
-798428
-798408
-798404
-798400
-798336
-798336
-798288
-798340
-798256
-798180
-798036
-798104
-798208
-798008
-798064
-798284
-798208
-798188
-798224
-798200
-798064
-798028
-798048
-798120
-798144
-798140
-798128
-798264
-798308
-798260
-797980
-797788
-797820
-797804
-797728
-797708
-797732
-797736
-797704
-797552
-797580
-797592
-797632
-797608
-797564
-797540
-797632
-797552
-797616
-797468
-797572
-797616
-797924
-797928
-797892
-797824
-797872
-797884
-797940
-797688
-797840
-797916
-797864
-797860
-797808
-797740
-797872
-797840
-797692
-797848
-797616
-797616
-797704
-797868
-797884
-797856
-797736
-797852
-797880
-797728
-797748
-797868
-798012
-797796
-797840
-797864
-797848
-797820
-797848
-797912
-798156
-798136
-798180
-798212
-798196
-798180
-798024
-798124
-798104
-797840
-797876
-798020
-798212
-798164
-798080
-798180
-798172
-798172
-797996
-798056
-798052
-798020
-798028
-798008
-798180
-798176
-798184
-798284
-798300
-798356
-798220
-798388
-798420
-798412
-798680
-798556
-798724
-798572
-798444
-798428
-798292
-798328
-798268
-798220
-798196
-798284
-798380
-798452
-798396
-798416
-798376
-798476
-798284
-798240
-798268
-798268
-798320
-798352
-798332
-798280
-798420
-798260
-798212
-798404
-798332
-798296
-798360
-798440
-798708
-798580
-798596
-798624
-798692
-798652
-798664
-798696
-798656
-798804
-798692
-798592
-798520
-798468
-798804
-798772
-798872
-798888
-798792
-798916
-798996
-799032
-799048
-799052
-798864
-798872
-798860
-798744
-798576
-798564
-798764
-798648
-798700
-798628
-798724
-798792
-798780
-798964
-799032
-798988
-799248
-799276
-799228
-799224
-799352
-799444
-799512
-799556
-799512
-799504
-799540
-799696
-799092
-798972
-798960
-798792
-798808
-798676
-798624
-798800
-798856
-798856
-798960
-799100
-799152
-799652
-799616
-799632
-799780
-800148
-800048
-799900
-799864
-799848
-799860
-799752
-799736
-799816
-799792
-799928
-800028
-799968
-799988
-799936
-800144
-800260
-800336
-800292
-800232
-800356
-800344
-800300
-800420
-800376
-800164
-799908
-799892
-799956
-799836
-799716
-799812
-799724
-799892
-799916
-799988
-800016
-800012
-800284
-800120
-800324
-800080
-800184
-800156
-800072
-799924
-799900
-799980
-799932
-799952
-800364
-800364
-800048
-800064
-800004
-799980
-800140
-800100
-800020
-800032
-799940
-799880
-799920
-799952
-799908
-799780
-799884
-799892
-800140
-800076
-800096
-800040
-799908
-800008
-800104
-799980
-799904
-799964
-799964
-799996
-800056
-800228
-800104
-800148
-800136
-800176
-800284
-800400
-800424
-800300
-800284
-800272
-800344
-800440
-800472
-800512
-800548
-800772
-800708
-800620
-800620
-800484
-800520
-800440
-800640
-800512
-800572
-800564
-800468
-800548
-800404
-800640
-800736
-800652
-800824
-800616
-800496
-800516
-800412
-800412
-800356
-800356
-800424
-800380
-800360
-800264
-800312
-800264
-800136
-800272
-800248
-800280
-800292
-800140
-800204
-800388
-800468
-800532
-800440
-800504
-800596
-800552
-800600
-800456
-800416
-800404
-800536
-800644
-800732
-800924
-800936
-801016
-800988
-800956
-800828
-800932
-800996
-800988
-801016
-800880
-800892
-800900
-801072
-800976
-801056
-800988
-800900
-800844
-800760
-800740
-800816
-800800
-800828
-800724
-800776
-800668
-800620
-800440
-800612
-800776
-800784
-800748
-800824
-800724
-800804
-800680
-800600
-800560
-800560
-800492
-800404
-800292
-800316
-800376
-800124
-800276
-800296
-800408
-800392
-800588
-800548
-800420
-800372
-800120
-799948
-799968
-799988
-800036
-800084
-800160
-800264
-800144
-800208
-800256
-799912
-799948
-799916
-799952
-799896
-799788
-800084
-799992
-799828
-799820
-800076
-800108
-800096
-800168
-799952
-800044
-800000
-800104
-800096
-800132
-800248
-800192
-800132
-800260
-800144
-800208
-800168
-800128
-800148
-800176
-799860
-799800
-799912
-799928
-800024
-800056
-800168
-800164
-800364
-800236
-800180
-800036
-800060
-799876
-799876
-799812
-799908
-799984
-800020
-800084
-800012
-800012
-800016
-800044
-800136
-800028
-800000
-800084
-800048
-800300
-800500
-800468
-800532
-800408
-800492
-800368
-800444
-800220
-800172
-800344
-800440
-800468
-800480
-800456
-800376
-800420
-800508
-800264
-800376
-800364
-800372
-800416
-800208
-800176
-800084
-800060
-800076
-799892
-800052
-800304
-800308
-800316
-799804
-799776
-799740
-799796
-799948
-799964
-800052
-800244
-800420
-800448
-800548
-800532
-800440
-800572
-800432
-800488
-800676
-800760
-800780
-800776
-800784
-800796
-800872
-800960
-801132
-801168
-801124
-800928
-800864
-800856
-800732
-800736
-800736
-800512
-800648
-800544
-800824
-800840
-800956
-800840
-801012
-801140
-800908
-800880
-800688
-800680
-800832
-800852
-800892
-800872
-800956
-800736
-800576
-800512
-800556
-800460
-800500
-800316
-800272
-800312
-800152
-800204
-800276
-800004
-800072
-799940
-800036
-799896
-799896
-799824
-799868
-799904
-799832
-799896
-799876
-799728
-799620
-799724
-799676
-799652
-799564
-799480
-799424
-799368
-799552
-799596
-799492
-799564
-799504
-799404
-799456
-799452
-799456
-799388
-799356
-799312
-799744
-799852
-799892
-799952
-799976
-799852
-799880
-799800
-799768
-799816
-799756
-799788
-799756
-799724
-799824
-799708
-799764
-799900
-799792
-799812
-799828
-799792
-799816
-799880
-799952
-799816
-799588
-799572
-799608
-799600
-799616
-799492
-799568
-799388
-799388
-799340
-799312
-799408
-799376
-799540
-799552
-799488
-799656
-799600
-799580
-799564
-799600
-799692
-799716
-799772
-799804
-799824
-799808
-799688
-800092
-800012
-799964
-799944
-799992
-799936
-799864
-799740
-799732
-799732
-799628
-799516
-799436
-799360
-799440
-799404
-799548
-799704
-799628
-799668
-799548
-799564
-799544
-799776
-799876
-800008
-799940
-799868
-799768
-800108
-800016
-800096
-800036
-799940
-799944
-799900
-799840
-799944
-799988
-799924
-799924
-800024
-799972
-799652
-799648
-799608
-799672
-799584
-799468
-799332
-799564
-799496
-799424
-799620
-799588
-799524
-799504
-799568
-799832
-799732
-800012
-800180
-800212
-800312
-800372
-800388
-800360
-800488
-800252
-799992
-799864
-799828
-799672
-799748
-799732
-799612
-799444
-799516
-799348
-799500
-799592
-799604
-799672
-799660
-799700
-799508
-799468
-799476
-799512
-799660
-799616
-799752
-799752
-799660
-799744
-799832
-799756
-799612
-799628
-799716
-799692
-799720
-799716
-799684
-799668
-799624
-799464
-799628
-799536
-799432
-799396
-799416
-799572
-799376
-799368
-799388
-799644
-799576
-799664
-799632
-799468
-799720
-799716
-799888
-799956
-800024
-800064
-800164
-800028
-800092
-800048
-800096
-800060
-800036
-800092
-800112
-800036
-799928
-799672
-799796
-799740
-799872
-799668
-799712
-799760
-799544
-799484
-799504
-799504
-799560
-799508
-799592
-799628
-799336
-799352
-799268
-799412
-799412
-799412
-799384
-799380
-799396
-799408
-799480
-799460
-799356
-799192
-799240
-799196
-799168
-799124
-799240
-799352
-799680
-799644
-799372
-799020
-799020
-799116
-798988
-798880
-798720
-798704
-798812
-798888
-798924
-799028
-799208
-799144
-799048
-799072
-798992
-798800
-798880
-798932
-798996
-798892
-798960
-798800
-798708
-798836
-798780
-798864
-799008
-798876
-798944
-798884
-798968
-799132
-799164
-799060
-798828
-798776
-798724
-798736
-798716
-798660
-798704
-798896
-798984
-798976
-799012
-798940
-798896
-798768
-798760
-798840
-798876
-798860
-798964
-798944
-799128
-799012
-799112
-799184
-799284
-799124
-799044
-799076
-799052
-798972
-798968
-798796
-798480
-798644
-798672
-798548
-798556
-798392
-798320
-798548
-798440
-798552
-798516
-798488
-798464
-797888
-797912
-798028
-797924
-798084
-797984
-798012
-797988
-797816
-797816
-797828
-797792
-797876
-797924
-797952
-797924
-797916
-797876
-797676
-797800
-797620
-797552
-797496
-797556
-797452
-797480
-797552
-797248
-797272
-797344
-797404
-797412
-797392
-797352
-797404
-797356
-797180
-797268
-797140
-797264
-797412
-797432
-797472
-797452
-797292
-797296
-797340
-797380
-797368
-797112
-797224
-797160
-797284
-797228
-797292
-797368
-797392
-797180
-797316
-797292
-797308
-797328
-797320
-797324
-797372
-797412
-797256
-797244
-797160
-797188
-797140
-797188
-797188
-797448
-797428
-797496
-797552
-797492
-797508
-797448
-797488
-797428
-797300
-797216
-797068
-796972
-797068
-797128
-797016
-797092
-797272
-797304
-797280
-797232
-797216
-797320
-797280
-797304
-797392
-797532
-797572
-797528
-797460
-797516
-797600
-797608
-797596
-797624
-797832
-797848
-797748
-797652
-797536
-797580
-797600
-797512
-797424
-797548
-797260
-797236
-797220
-797364
-797340
-797232
-797328
-797328
-797272
-797468
-797360
-797468
-797460
-797628
-797708
-797648
-797736
-797584
-797500
-797536
-797452
-797464
-797368
-797492
-797368
-797336
-797356
-797280
-797252
-796984
-796988
-796960
-797048
-797004
-797052
-796972
-796896
-796904
-796948
-796932
-797168
-797288
-797204
-797176
-797160
-797292
-797352
-797316
-797360
-797300
-797280
-797180
-797124
-797040
-797048
-797068
-797160
-797072
-797016
-797104
-797092
-797084
-797080
-797232
-796956
-796944
-796884
-796912
-796936
-796932
-796916
-796976
-796968
-797036
-797040
-796960
-797200
-797056
-797060
-797112
-797236
-797280
-797420
-797776
-797732
-797816
-797884
-797916
-798084
-798280
-798280
-798524
-798364
-798224
-798324
-798292
-798396
-798344
-798224
-798280
-798312
-798200
-798200
-797964
-798016
-798180
-798328
-798344
-798340
-798260
-798284
-798184
-798140
-798292
-798440
-798496
-798284
-798108
-798072
-798148
-798212
-798300
-798324
-798540
-798428
-798512
-798536
-798552
-798564
-798700
-798760
-798808
-798908
-798876
-798820
-798972
-798988
-799136
-799156
-799256
-799240
-799148
-799232
-799276
-799248
-799188
-799192
-799284
-799104
-798948
-798860
-798732
-798656
-798688
-798684
-798632
-798440
-798552
-798492
-798516
-798536
-798540
-798472
-798608
-798708
-798768
-798732
-798624
-798524
-798436
-798496
-798432
-798300
-798192
-798164
-798132
-797888
-797800
-797780
-797788
-797888
-797944
-797932
-797916
-797932
-797864
-797824
-797852
-797788
-797932
-798072
-798060
-797980
-797972
-797900
-797824
-797812
-797752
-797648
-797612
-797660
-797672
-797824
-797548
-797660
-797536
-797544
-797464
-797360
-797404
-797392
-797368
-797296
-796944
-796908
-796860
-797056
-797152
-797216
-797176
-797216
-797104
-796980
-796952
-796972
-797220
-797208
-797076
-797016
-797008
-797048
-797168
-797292
-797300
-797168
-797204
-797168
-797168
-797120
-797152
-797088
-797236
-797144
-797104
-797288
-797392
-797304
-797236
-797256
-797268
-797332
-797304
-797448
-797260
-797136
-797064
-796960
-797064
-796836
-796696
-796808
-796800
-796776
-796828
-796948
-796844
-796768
-796836
-796804
-796888
-796676
-796508
-796436
-796412
-796444
-796316
-796360
-796368
-796296
-796368
-796556
-796552
-796524
-796504
-796532
-796488
-796548
-796636
-796664
-796612
-796600
-796648
-796696
-796792
-796744
-796768
-796904
-796912
-796960
-796940
-796788
-796760
-796812
-797048
-797048
-796976
-796928
-797012
-796964
-796920
-796920
-796900
-796856
-796848
-796716
-796864
-796812
-796812
-796684
-796760
-796932
-797036
-797100
-797224
-797464
-797528
-797624
-797724
-797748
-797620
-797588
-797696
-797796
-797836
-797804
-797744
-797708
-797704
-797744
-797768
-798040
-798060
-798216
-797776
-797828
-797852
-797800
-797824
-797880
-797868
-797836
-797832
-797936
-798076
-798140
-798212
-798128
-798140
-798240
-798148
-798076
-797976
-797916
-798036
-798036
-798040
-797832
-797848
-798000
-798012
-798192
-798216
-798244
-798204
-798180
-798152
-798256
-798116
-798080
-798040
-797860
-797764
-797748
-797660
-797588
-797472
-797468
-797304
-797416
-797252
-797232
-797276
-797504
-797600
-797512
-797580
-797552
-797548
-797700
-797684
-797516
-797460
-797560
-797784
-797948
-797972
-797844
-797856
-797756
-797680
-797588
-797396
-797604
-797724
-797788
-797848
-797972
-797900
-797920
-797900
-797912
-798020
-798096
-798068
-797988
-797988
-797868
-797936
-798184
-798300
-798148
-798040
-798032
-798060
-798100
-798076
-798048
-797860
-798036
-797960
-798040
-798056
-798084
-797992
-798068
-798016
-798092
-798272
-798112
-798072
-798216
-798012
-797916
-797824
-797868
-797896
-797784
-797888
-797940
-797872
-797808
-797632
-797292
-797184
-797128
-797140
-797152
-796792
-796948
-796912
-797120
-796964
-796952
-797012
-797164
-797176
-797284
-797156
-797244
-797292
-797412
-797420
-797392
-797560
-797576
-797564
-797604
-797600
-797440
-797332
-797468
-797480
-797416
-797592
-797552
-797692
-797544
-797540
-797652
-797580
-797620
-797660
-797684
-797720
-797652
-797744
-797720
-797768
-797872
-797896
-797960
-798060
-798200
-798212
-798268
-798296
-798216
-798240
-798300
-798348
-798180
-798184
-798240
-798100
-797804
-797848
-797716
-797880
-797812
-797840
-797828
-797744
-797780
-797844
-797840
-798124
-798024
-798020
-798168
-798264
-798296
-798320
-798348
-798372
-798440
-798532
-798524
-798604
-798640
-798608
-798584
-798096
-798204
-798232
-798192
-798228
-797804
-797868
-797740
-797628
-797588
-797716
-797764
-797740
-797864
-797844
-798020
-797972
-797800
-797656
-797612
-797684
-797672
-797580
-797552
-797568
-797612
-797792
-797728
-797664
-797724
-797704
-797640
-797772
-797760
-797804
-797688
-797744
-797784
-797660
-797636
-797696
-797712
-797872
-797880
-798012
-797936
-797800
-797884
-797808
-797712
-797620
-797684
-797828
-797960
-797832
-797892
-797924
-797980
-798044
-797976
-797960
-797956
-798144
-798176
-798208
-798168
-798020
-798100
-798088
-798188
-798076
-798252
-798128
-798192
-798148
-798156
-798124
-798152
-798068
-798356
-798236
-798240
-798300
-798348
-798264
-798216
-798164
-798124
-798128
-798240
-798256
-798192
-798000
-798116
-798260
-798228
-798124
-798140
-798088
-798076
-798204
-798200
-798188
-798168
-798500
-798564
-798568
-798404
-798336
-798256
-798412
-798588
-798352
-798436
-798324
-798416
-798432
-798396
-798464
-798496
-798644
-798592
-798400
-798460
-798484
-798484
-798372
-798364
-798468
-798332
-798440
-798324
-798284
-798180
-798112
-797996
-798116
-798092
-797968
-797880
-797368
-797084
-797004
-796928
-796996
-797088
-797016
-796928
-797076
-797016
-796924
-796908
-797116
-797168
-797220
-797292
-797308
-797224
-796940
-797028
-796992
-797036
-796972
-797056
-797160
-797196
-797108
-797028
-797116
-797164
-797100
-797228
-797160
-797140
-797096
-797140
-797288
-797300
-797244
-797152
-797088
-796996
-797196
-797052
-797040
-796948
-796888
-797244
-797264
-797420
-797444
-797556
-797580
-797484
-797424
-797396
-797436
-797468
-797332
-797296
-797204
-797156
-797016
-797036
-796956
-796872
-796872
-796884
-796812
-796864
-796936
-796928
-797312
-797220
-797132
-797024
-797040
-797016
-797040
-796888
-796780
-796732
-796668
-796688
-796724
-796660
-796692
-796612
-796528
-796640
-796668
-796304
-796312
-796384
-796396
-796440
-796532
-796516
-796656
-796472
-796492
-796540
-796760
-796716
-796992
-796944
-796892
-796936
-796928
-796960
-797060
-797248
-797192
-797208
-797180
-797164
-797168
-797168
-797136
-797188
-797292
-797356
-797256
-797140
-797016
-797060
-797052
-797044
-797100
-796892
-796848
-796812
-796816
-796928
-796952
-796832
-796672
-796624
-796496
-796340
-796320
-796396
-796420
-796404
-796496
-796460
-796508
-796392
-796580
-796620
-796660
-796944
-796896
-796968
-796880
-796828
-796728
-796876
-796776
-796756
-796808
-796760
-796688
-796800
-796868
-796916
-796824
-796856
-796848
-796904
-796892
-796924
-796828
-796744
-796624
-796652
-796576
-796672
-796700
-796764
-796652
-796644
-796472
-796316
-796556
-796568
-796680
-796612
-796640
-796660
-796560
-796656
-796488
-796508
-796704
-796668
-796716
-796576
-796424
-796424
-796504
-796728
-796684
-796688
-796736
-796668
-796904
-796784
-796956
-797172
-797164
-797116
-796956
-796984
-797108
-797032
-796948
-797096
-797132
-797084
-797040
-797000
-797104
-797196
-797296
-797432
-797516
-797348
-797428
-797124
-797260
-797304
-797400
-797456
-797484
-797704
-797800
-797816
-797876
-797868
-797872
-797808
-797920
-797748
-797480
-797328
-797312
-797068
-797020
-797120
-797060
-797016
-797096
-797240
-797272
-797304
-797352
-797480
-797536
-797548
-797544
-797660
-797580
-797528
-797584
-797788
-797812
-797816
-797500
-797580
-797624
-797712
-798152
-798264
-798248
-798252
-798148
-798056
-797880
-797952
-797908
-797888
-797880
-797912
-797856
-797804
-797828
-797740
-797460
-797544
-797464
-797440
-797368
-797324
-797288
-797400
-797340
-797448
-797404
-797272
-797416
-797500
-797592
-797660
-797616
-797576
-797564
-797656
-797660
-797640
-797520
-797684
-797696
-797636
-797556
-797724
-797648
-797724
-797624
-797620
-797760
-797660
-797644
-797648
-797452
-797008
-796936
-797060
-797060
-797156
-797124
-797132
-797012
-796996
-797068
-797108
-797076
-797024
-797232
-797100
-797096
-797004
-797016
-797140
-797208
-797720
-797740
-797956
-797856
-798084
-798064
-798056
-798096
-798048
-798024
-797888
-797924
-797876
-797824
-797700
-797652
-797644
-797708
-797656
-797736
-797680
-797508
-797648
-797608
-797480
-797484
-797140
-797224
-797000
-797008
-796980
-796988
-796916
-796976
-797136
-797080
-797276
-797368
-797324
-797456
-797580
-797608
-797476
-797520
-797652
-797644
-797760
-797756
-797784
-797820
-797824
-797916
-797984
-798024
-798016
-798180
-798172
-798160
-797964
-798008
-798184
-798072
-798068
-797996
-797804
-797680
-797676
-797724
-797692
-797740
-797692
-797604
-797656
-797464
-797540
-797712
-797748
-797692
-797572
-797660
-797528
-797488
-797468
-797600
-797616
-797656
-797764
-797812
-797884
-797764
-797804
-797908
-797912
-797852
-797704
-797724
-797736
-797476
-797428
-797352
-797124
-796824
-796700
-796596
-796676
-796708
-796856
-796924
-796876
-796912
-796920
-797092
-797084
-797096
-797196
-797124
-797128
-797092
-796972
-797156
-797208
-797388
-797260
-797188
-797032
-796892
-796700
-796848
-796788
-796676
-796732
-796608
-796688
-796848
-797020
-797208
-797216
-797232
-797096
-797232
-797208
-797240
-797300
-797232
-797284
-797336
-797376
-797372
-797488
-797492
-797288
-797428
-797388
-797212
-797172
-797220
-797188
-797184
-797084
-797024
-797028
-797108
-797008
-796868
-796912
-796876
-796888
-796680
-796808
-796776
-796752
-796612
-796664
-796736
-796592
-796636
-796652
-796600
-796576
-796620
-796700
-796584
-796584
-796620
-796620
-796688
-796672
-796596
-796648
-796688
-796816
-796488
-796560
-796496
-796652
-796424
-796452
-796380
-796372
-796248
-796052
-796044
-796140
-796152
-796040
-795964
-796100
-796248
-796244
-796144
-796072
-796100
-795992
-795956
-796092
-796160
-796208
-796388
-796164
-796236
-796328
-796292
-796260
-796076
-796064
-796068
-796012
-796044
-796112
-795920
-795964
-795940
-795964
-795852
-795832
-795964
-795980
-795980
-796308
-796416
-796444
-796408
-796524
-796548
-796444
-796352
-796380
-796396
-796416
-796416
-796788
-796860
-796860
-796776
-796756
-796872
-797224
-797084
-797044
-796888
-796868
-796812
-796676
-796668
-796548
-796592
-796564
-796540
-796544
-796608
-796560
-796560
-796512
-796528
-796720
-796612
-796672
-796392
-796308
-796500
-796500
-796792
-796896
-796880
-796772
-796828
-796788
-796904
-796928
-796920
-796832
-796836
-796928
-796736
-796880
-796964
-796972
-797116
-796960
-797320
-797388
-797468
-797448
-797364
-797456
-797516
-797488
-797420
-797580
-797676
-797800
-797708
-797784
-797820
-797776
-797812
-797808
-797716
-797808
-797840
-797776
-797656
-797420
-797500
-797460
-797616
-797576
-797620
-797632
-797648
-797648
-797536
-797676
-797600
-797548
-797628
-797728
-797632
-797544
-797548
-797636
-797640
-797580
-797540
-797596
-797644
-797696
-797444
-797456
-797360
-797440
-797588
-797668
-797412
-797312
-797264
-797172
-797252
-797164
-797248
-797144
-797120
-797184
-797024
-796920
-796872
-797012
-797132
-797192
-797148
-797236
-797196
-797000
-797128
-797084
-797144
-797080
-797028
-796992
-797040
-797084
-797104
-797180
-797176
-797188
-797148
-797248
-797296
-797412
-797352
-797280
-797224
-797172
-796912
-796968
-796848
-796804
-796796
-796616
-796492
-796548
-796744
-796812
-796868
-796728
-796756
-796752
-796784
-796848
-796784
-796696
-796732
-796736
-796544
-796472
-796656
-796752
-796716
-796776
-796860
-796884
-796912
-796828
-796784
-796664
-796492
-796368
-796500
-796500
-796572
-796412
-796240
-796236
-796320
-796204
-796312
-796360
-796356
-796520
-796512
-796392
-796476
-796404
-796356
-796336
-796468
-796500
-796460
-796440
-796644
-796520
-796400
-796492
-796404
-796428
-796324
-796244
-796156
-796140
-796116
-796140
-796244
-796144
-796336
-796424
-796432
-796628
-796552
-796472
-796616
-796808
-796684
-796680
-796728
-796756
-796648
-796680
-796652
-796608
-796664
-796636
-796608
-796480
-796680
-796860
-796708
-796840
-796948
-796956
-796940
-797052
-796820
-796800
-796708
-796760
-796752
-796744
-796748
-796844
-796696
-796708
-796732
-796784
-796908
-797040
-796976
-797028
-797048
-797280
-797280
-797352
-797564
-797684
-797584
-797692
-797528
-797560
-797516
-797576
-797608
-797644
-797652
-797672
-797632
-797728
-797656
-797548
-797544
-797688
-797720
-797656
-797612
-797604
-797704
-797756
-797748
-797804
-797736
-797800
-797636
-797708
-797716
-798172
-798216
-798132
-798156
-798132
-798016
-798148
-798268
-798212
-798300
-798128
-797948
-797984
-797832
-797816
-797792
-797876
-797696
-797696
-797608
-797528
-797460
-797280
-797260
-797344
-797064
-797072
-797084
-797092
-797368
-797436
-797380
-797396
-797432
-797380
-797312
-797440
-797436
-797480
-797608
-797496
-797632
-797588
-797848
-797992
-797968
-797816
-797748
-798028
-797976
-798080
-797996
-797892
-797680
-797716
-797728
-797900
-797948
-798000
-797976
-798108
-798060
-798152
-798328
-798340
-798392
-798344
-798400
-798396
-798600
-798708
-798724
-798644
-798652
-798744
-798744
-798888
-798960
-799012
-798988
-798964
-799216
-799196
-799360
-799468
-799444
-799428
-799568
-799636
-799580
-799592
-799520
-799484
-799388
-799616
-799432
-799316
-799344
-799284
-799216
-799276
-799332
-799196
-799252
-799304
-799248
-799292
-799176
-799204
-799112
-798976
-798820
-799000
-798940
-798996
-799036
-799040
-798908
-798932
-798756
-798720
-798672
-798532
-798560
-798600
-798612
-798652
-798152
-798108
-798096
-798160
-798008
-798148
-798036
-798112
-798160
-798076
-798128
-798272
-798384
-798300
-798336
-798276
-798044
-798060
-798072
-798252
-798244
-798208
-798084
-798040
-798000
-798124
-798136
-798012
-797988
-798108
-798344
-798292
-798388
-798372
-798448
-798440
-798540
-798612
-798472
-798200
-798132
-797892
-797748
-797588
-797560
-797468
-797464
-797420
-797188
-797204
-797172
-797340
-797392
-797320
-797216
-797308
-797256
-797516
-797340
-797272
-797304
-797112
-797104
-797088
-796844
-796896
-796716
-796772
-796744
-796788
-796652
-796532
-796512
-796600
-796740
-796620
-796592
-796628
-796616
-796676
-796760
-796756
-796744
-796644
-796768
-796796
-796948
-797364
-797364
-797404
-797460
-797556
-797552
-797484
-797696
-797676
-797648
-797644
-797544
-797580
-797400
-797700
-797636
-797660
-797636
-797652
-797728
-797912
-798008
-798076
-798104
-798016
-798104
-798044
-798060
-798152
-797960
-797832
-797840
-797840
-797684
-797784
-797828
-797824
-797772
-797768
-797896
-797900
-797944
-797928
-798196
-798244
-798244
-798164
-798048
-798028
-798148
-798208
-798128
-798224
-798004
-798088
-798072
-798132
-798032
-797976
-797928
-797844
-797748
-797844
-797844
-797612
-797604
-797548
-797500
-797176
-797128
-797128
-797376
-797272
-797396
-797452
-797412
-797516
-797592
-797568
-797076
-797052
-797148
-797036
-796984
-796996
-796908
-796956
-797108
-797132
-797416
-797216
-797240
-797276
-797304
-797300
-797204
-797304
-797240
-797048
-797108
-797312
-797360
-797348
-797296
-797388
-797472
-797508
-797332
-797388
-797368
-797368
-797548
-797600
-797480
-797508
-797556
-797680
-797712
-797828
-797740
-797500
-797600
-797728
-797768
-797708
-797744
-797700
-797484
-797340
-797424
-797484
-797644
-797772
-797820
-797704
-797828
-797824
-798088
-798360
-798320
-798216
-798208
-798160
-798224
-798296
-798200
-798276
-798104
-798164
-798096
-797984
-798024
-798040
-798064
-798192
-798384
-798324
-798384
-798368
-798384
-798456
-798468
-798384
-798200
-798068
-798448
-798444
-798396
-798452
-798500
-798520
-798480
-798560
-798540
-798392
-798612
-798644
-798636
-798704
-798708
-798568
-798560
-798832
-799012
-798872
-798832
-798768
-798816
-798724
-798856
-798752
-798756
-798844
-798712
-798836
-799036
-799168
-799144
-799020
-798936
-798888
-798836
-798944
-798992
-798928
-799088
-799076
-798888
-799012
-799084
-799308
-799184
-799276
-799164
-799024
-799088
-799264
-799304
-799196
-799388
-799304
-799312
-799340
-799516
-799532
-799480
-799508
-799436
-799400
-799356
-799396
-799300
-799296
-799308
-799324
-799444
-799512
-799620
-799604
-799500
-799384
-799300
-799348
-799292
-799272
-799196
-799168
-799076
-799220
-799304
-799268
-799144
-799024
-799140
-799048
-799056
-799072
-799136
-799008
-799080
-799004
-798956
-798924
-798852
-798784
-798808
-798908
-799032
-799032
-798936
-798800
-798776
-798756
-798496
-798584
-798584
-798600
-798352
-798376
-798336
-798416
-798448
-798432
-798512
-798484
-798480
-798732
-798760
-798784
-798656
-798584
-798656
-798624
-798572
-798840
-798780
-799084
-799016
-799064
-799148
-798976
-798948
-798992
-799056
-799008
-799044
-799176
-799232
-799060
-799184
-799256
-799308
-799280
-799192
-799320
-799304
-799532
-799452
-799508
-799484
-799368
-799444
-799320
-799272
-799136
-799220
-799144
-798996
-798876
-798784
-798856
-798812
-798824
-798844
-798928
-798880
-798972
-798904
-798932
-798952
-798880
-798832
-798796
-798640
-798484
-798668
-798672
-798836
-798976
-799016
-798900
-798944
-798960
-798844
-798896
-799080
-799144
-799096
-799040
-799048
-799068
-798968
-799120
-799092
-799124
-799256
-799300
-799272
-799324
-799276
-799032
-799048
-799180
-798996
-798996
-798988
-799300
-799416
-799340
-799436
-799364
-799368
-799296
-799356
-799372
-799452
-799552
-799456
-799316
-799404
-799432
-799452
-799420
-799360
-799260
-799232
-799212
-799340
-799580
-799600
-799548
-799520
-799612
-799624
-799672
-799676
-799660
-799620
-799724
-799756
-799776
-799752
-799856
-799844
-799732
-799732
-799840
-799680
-799660
-799584
-799480
-799580
-799588
-799756
-799844
-799660
-799876
-799972
-799956
-799972
-800136
-800380
-800388
-800440
-800468
-800312
-800332
-800380
-800320
-800528
-800732
-800808
-800888
-800876
-800980
-801116
-801096
-801004
-800980
-801036
-800988
-801016
-801040
-801000
-801148
-801336
-801332
-801552
-801540
-801672
-801676
-801548
-801528
-801532
-801504
-801312
-801312
-801308
-801492
-801488
-800956
-801028
-800644
-800720
-800740
-800844
-800916
-800756
-800804
-800780
-800820
-801136
-801188
-801052
-801176
-801104
-801148
-801304
-801404
-801300
-801180
-801148
-801176
-801244
-801208
-801140
-801280
-801224
-801272
-801216
-801232
-801224
-801140
-801216
-801288
-800924
-801024
-800924
-801004
-801028
-801064
-801032
-800984
-800924
-800804
-800448
-800452
-800412
-800424
-800368
-800320
-800220
-800200
-800160
-800060
-799976
-800024
-800468
-800364
-800340
-800400
-800444
-800560
-800640
-800452
-800232
-800116
-800076
-800168
-800384
-800324
-800400
-800252
-800152
-800148
-800268
-800220
-800240
-800156
-800152
-800156
-800084
-800096
-799920
-799912
-799704
-799604
-799508
-799492
-799568
-799492
-799508
-799580
-799604
-799544
-799348
-799352
-799480
-799392
-799516
-799524
-799400
-799364
-799380
-799292
-799348
-799288
-799356
-799376
-799336
-799280
-799420
-799272
-799360
-799100
-799052
-799272
-799340
-799572
-799412
-799360
-799488
-799452
-799512
-799392
-799496
-799512
-799656
-799472
-799488
-799492
-799588
-799696
-799796
-799784
-799756
-799800
-799720
-799576
-799532
-799548
-799308
-799288
-799196
-799040
-798904
-798988
-799024
-799116
-799116
-799176
-799092
-799148
-798984
-798932
-798944
-798928
-798968
-798904
-798952
-798936
-798852
-798628
-798536
-798472
-798392
-798332
-798260
-798276
-798468
-798440
-798284
-798340
-798276
-798460
-798516
-798528
-798516
-798684
-798648
-798728
-798652
-798640
-798656
-798592
-798696
-798744
-798748
-798836
-798672
-798684
-798548
-798680
-798536
-798568
-798500
-798608
-798548
-798480
-798380
-798584
-798520
-798500
-798456
-798476
-798772
-798220
-798236
-798012
-798084
-798060
-798260
-798276
-798304
-798208
-798396
-798364
-798356
-798340
-798272
-798396
-798400
-798400
-798480
-798472
-798408
-798584
-798584
-798564
-798508
-798476
-798528
-798516
-798428
-798528
-798524
-798536
-798512
-798528
-798448
-798476
-798612
-798468
-798420
-798164
-797892
-797860
-797756
-797812
-797936
-798208
-798176
-798104
-798072
-798092
-797948
-797908
-797868
-797908
-797832
-797884
-797884
-797704
-797864
-797952
-797976
-797988
-797928
-798068
-798148
-798212
-798256
-798192
-797968
-798228
-798224
-798260
-798212
-798208
-798284
-798220
-798164
-798068
-798156
-798244
-798156
-798216
-798380
-798372
-798664
-798636
-798732
-798836
-798900
-798984
-798944
-798904
-798672
-798388
-798500
-798532
-798540
-798780
-798592
-798692
-798780
-798968
-798944
-798656
-798684
-798772
-798844
-798744
-798720
-798868
-798692
-798672
-798596
-798680
-798688
-798700
-798692
-798780
-798840
-798752
-798848
-798844
-798904
-799000
-798996
-799016
-798896
-798768
-798420
-798320
-798688
-798740
-798500
-798324
-798248
-798232
-798460
-798644
-798680
-798908
-798856
-798888
-798912
-799068
-799024
-799116
-799168
-799136
-799080
-799068
-799164
-799288
-799168
-799136
-799152
-799268
-799392
-799468
-799524
-799540
-799816
-799832
-799752
-799652
-799512
-799672
-799580
-799540
-799568
-799544
-799696
-799856
-800160
-800032
-800100
-800096
-800084
-800148
-800204
-800180
-800180
-800396
-800408
-800428
-800268
-800304
-800436
-800356
-800208
-800252
-800532
-800736
-800732
-800704
-800784
-800916
-800848
-800616
-800596
-800616
-800668
-800660
-800724
-800660
-800708
-800568
-800544
-800660
-800668
-800660
-800584
-800528
-800448
-800556
-800708
-800492
-800428
-800452
-800480
-800340
-800320
-800256
-800192
-800268
-800252
-800316
-800300
-800264
-800372
-800212
-800052
-800040
-800036
-799944
-799964
-799780
-799772
-799748
-799724
-799800
-799796
-799808
-799924
-799992
-800016
-799848
-799856
-799716
-799940
-799940
-799884
-799788
-799836
-799944
-799900
-799956
-800124
-800244
-800244
-800344
-800420
-800476
-800576
-800548
-800444
-800512
-800516
-800388
-800412
-800436
-800408
-800348
-800216
-800332
-800288
-800492
-800404
-800372
-800332
-800296
-800308
-800312
-800280
-800304
-800400
-800364
-800232
-800244
-800204
-800100
-800124
-800132
-800188
-800108
-800020
-800184
-800100
-800156
-800264
-800152
-800096
-800160
-800264
-800264
-800200
-800204
-800196
-800164
-800120
-800120
-800208
-800268
-800252
-800484
-800432
-800396
-800356
-800396
-800304
-800276
-800268
-800220
-800100
-800116
-800124
-799956
-799992
-799932
-799988
-800116
-800148
-800048
-800012
-800044
-799904
-799940
-799964
-799904
-799876
-799920
-799908
-799872
-800048
-800076
-800120
-800068
-800048
-800052
-800024
-799952
-799860
-799780
-799916
-799940
-799868
-799752
-799864
-799984
-799904
-800020
-799876
-799976
-799984
-800000
-799980
-800180
-800188
-800164
-800144
-800256
-800196
-800248
-800236
-800260
-800304
-800348
-800356
-800424
-800408
-800352
-800212
-800136
-800144
-800112
-800068
-799940
-799836
-799776
-799864
-799840
-799828
-799716
-799784
-799844
-799904
-799912
-799780
-799840
-799768
-799756
-799376
-799368
-799256
-799240
-799312
-799268
-799364
-799316
-799108
-799024
-798944
-798900
-799116
-798944
-798916
-799084
-799372
-799452
-799424
-799472
-799520
-799464
-799560
-799672
-799472
-799420
-799408
-799320
-799228
-799128
-799084
-799144
-798996
-799048
-799172
-799344
-799376
-799424
-799376
-799380
-799400
-799428
-799480
-799488
-799516
-799464
-799452
-799572
-799484
-799552
-799716
-799616
-799632
-799700
-799652
-799656
-799572
-799832
-799888
-800020
-799936
-799988
-799992
-799984
-800112
-800152
-800168
-800084
-800304
-800388
-800312
-800500
-800536
-800536
-800592
-800472
-800652
-800616
-800624
-800624
-800848
-800784
-800848
-800900
-800748
-800556
-800584
-800484
-800540
-800844
-801116
-800980
-801028
-800700
-800720
-800648
-800524
-800584
-800620
-800688
-800540
-800668
-800532
-800552
-800684
-800740
-800360
-800464
-800260
-800308
-800216
-800380
-800212
-800312
-800304
-800248
-800316
-800388
-800596
-800576
-800496
-800428
-800360
-800544
-800816
-800800
-800792
-800808
-800880
-800776
-800820
-800764
-800912
-801132
-801276
-801272
-801288
-801312
-801188
-801116
-801148
-801152
-801060
-801044
-800852
-800684
-800620
-800548
-800236
-800232
-800248
-800248
-800384
-800392
-800492
-800408
-800240
-800224
-800064
-800096
-800104
-800200
-800180
-800212
-800180
-800068
-800264
-800140
-800208
-800132
-800036
-800092
-800132
-800124
-800056
-799892
-799956
-799880
-799796
-799744
-799592
-799904
-799956
-800096
-800112
-800048
-800152
-800200
-800368
-800560
-800648
-800560
-800496
-800584
-800728
-800780
-800736
-800668
-800840
-801044
-800960
-800900
-800980
-801040
-801468
-801496
-801488
-801488
-801288
-801200
-801148
-801048
-800944
-801040
-801156
-801280
-801376
-801468
-801360
-801444
-801444
-801492
-801524
-801592
-801576
-801528
-801468
-801452
-801604
-801536
-801600
-801664
-801652
-801412
-801384
-801452
-801320
-801356
-801304
-801252
-801204
-801132
-801220
-801236
-801184
-801536
-801664
-801572
-801656
-801620
-801620
-801520
-801640
-801736
-801700
-801608
-801684
-801744
-801780
-801700
-801616
-801660
-801616
-801592
-801648
-801712
-801708
-801588
-801568
-801508
-801372
-801464
-801420
-801364
-801308
-801268
-801068
-801044
-801116
-801136
-801192
-801192
-801156
-801012
-801028
-801068
-801080
-801056
-800980
-800936
-800976
-801096
-801168
-801188
-801300
-801224
-801092
-801120
-801160
-801164
-801176
-801252
-801272
-801416
-801312
-801224
-801372
-801388
-801308
-801084
-801132
-801196
-801176
-801300
-801236
-801064
-801120
-801064
-801084
-801036
-801196
-801116
-801012
-800972
-800952
-800968
-801152
-801100
-801000
-801168
-801196
-801040
-801056
-801108
-801116
-801132
-801180
-801304
-801456
-801780
-801832
-801936
-801944
-801852
-801788
-802008
-801936
-801824
-801764
-801512
-801548
-801836
-801808
-801872
-802040
-802080
-801864
-801936
-801980
-802012
-802040
-801988
-802080
-802040
-802084
-802120
-802248
-802172
-802236
-802092
-802224
-802088
-802052
-802200
-802124
-802016
-802244
-802240
-802144
-802248
-802200
-802180
-802048
-801812
-801744
-801760
-801884
-801888
-801760
-801712
-801780
-801540
-801496
-801572
-801464
-801288
-801164
-801156
-801132
-801140
-801148
-801104
-800960
-800960
-800888
-800796
-800768
-800836
-800708
-800796
-800780
-800900
-800792
-800684
-800728
-800784
-800876
-800740
-800612
-800572
-800576
-800684
-800920
-800916
-800928
-801088
-801040
-800988
-801052
-800916
-801088
-801024
-801068
-801080
-801100
-801104
-801144
-801240
-801324
-801328
-801400
-801388
-801424
-801284
-801208
-801304
-801360
-801396
-801544
-801652
-801572
-801512
-801516
-801588
-801688
-801580
-801436
-801464
-801540
-801476
-801448
-801488
-801396
-801500
-801544
-801500
-801420
-801372
-801348
-801328
-801152
-801068
-800712
-800648
-800516
-800372
-800408
-800456
-800284
-800144
-800280
-800380
-800280
-800340
-800432
-800512
-800372
-800392
-800320
-800168
-800176
-800144
-799952
-800008
-800136
-800096
-800064
-800052
-800060
-800072
-800260
-800124
-800196
-800248
-800004
-800112
-800256
-800320
-800296
-800080
-799768
-799912
-800000
-799940
-799896
-799736
-799824
-799824
-800024
-799940
-799964
-800032
-800036
-800100
-800036
-800056
-800064
-800380
-800328
-800388
-800424
-800328
-800208
-800256
-800216
-800128
-800272
-800144
-800260
-799960
-799972
-799960
-799896
-799852
-799944
-800032
-800056
-800060
-800056
-800228
-800116
-800112
-800164
-800236
-800144
-800316
-800080
-800176
-800112
-800152
-800164
-800240
-800152
-799948
-799872
-799912
-800040
-799980
-800116
-800072
-800060
-800132
-800120
-799908
-799880
-799868
-799940
-799852
-799680
-799668
-799688
-799660
-799736
-799776
-799976
-800048
-800104
-800056
-799972
-799976
-800004
-799852
-799756
-799860
-799932
-799780
-799740
-799916
-799696
-799616
-799736
-799768
-799692
-799636
-799572
-799456
-799488
-799540
-799540
-799612
-799600
-799456
-799536
-799632
-799624
-799588
-799468
-799484
-799440
-799440
-799524
-799660
-799612
-799616
-799680
-799596
-799800
-799552
-799520
-798860
-798776
-798688
-798572
-798640
-798684
-798760
-798716
-798648
-798800
-798724
-798744
-798656
-798752
-798852
-798876
-799108
-799156
-799076
-799100
-798944
-798832
-798828
-798828
-799028
-799140
-799020
-799116
-799024
-798916
-798944
-798760
-798684
-798532
-798396
-798324
-798204
-798228
-798276
-798268
-798440
-798332
-798344
-798412
-798480
-798548
-798604
-798640
-798756
-798648
-798748
-798824
-798784
-798892
-798968
-799184
-799280
-799636
-799704
-799780
-799764
-799704
-799696
-799804
-799968
-800020
-800028
-799876
-799880
-799936
-799884
-799892
-799864
-799848
-800072
-800080
-800172
-800156
-800208
-800080
-800012
-800040
-800116
-799924
-799840
-799800
-799836
-799812
-799980
-799948
-799924
-800008
-799924
-799884
-799948
-800136
-800088
-800112
-800212
-800224
-800204
-800228
-800204
-800168
-800084
-800040
-800204
-800292
-800236
-800132
-800128
-799876
-800000
-799916
-799876
-799776
-799696
-799828
-799980
-800036
-800120
-800008
-799904
-799960
-799992
-800048
-799956
-799932
-799848
-799904
-799912
-799972
-800108
-799996
-799944
-799796
-799968
-800076
-800024
-800004
-800148
-800412
-800260
-800276
-800336
-800312
-800316
-800220
-800236
-800228
-800304
-800248
-800216
-800352
-800276
-800164
-800240
-799988
-799932
-799680
-799964
-799944
-800000
-799960
-800044
-800112
-800092
-800060
-800024
-799948
-800040
-800040
-800136
-800092
-800084
-799960
-800080
-800104
-800184
-800240
-800240
-800144
-800028
-800040
-799828
-799864
-799848
-799412
-799296
-799416
-799312
-799324
-799432
-799404
-799340
-799236
-799496
-799548
-799500
-799496
-799536
-799564
-799752
-799748
-799784
-799836
-799772
-799872
-799904
-799832
-799892
-799720
-799680
-799656
-799628
-799564
-799816
-799828
-800004
-800040
-800016
-800100
-800120
-800048
-800004
-799984
-799804
-799836
-799772
-799660
-799612
-799712
-799652
-799808
-799424
-799540
-799408
-799532
-799688
-799684
-799516
-799608
-799416
-799344
-799196
-799272
-799380
-799536
-799528
-799376
-799452
-799472
-799540
-799720
-799572
-799600
-799780
-799804
-799912
-799960
-799764
-799776
-799772
-799596
-799668
-799556
-799648
-799716
-799956
-799896
-800036
-800104
-800160
-800076
-800112
-800016
-800176
-800192
-800152
-800284
-800344
-800204
-800052
-800116
-800080
-799984
-800064
-800256
-800124
-800280
-800416
-800340
-800356
-800544
-800576
-800644
-800456
-800524
-800476
-800504
-800388
-800344
-800348
-800336
-800216
-800280
-800416
-800372
-800360
-800408
-800356
-800092
-800220
-800396
-800464
-800440
-800400
-800328
-800356
-800424
-800304
-800100
-800092
-800096
-800252
-800336
-800304
-800116
-800152
-800052
-799908
-799912
-799800
-799768
-799852
-799820
-799900
-799848
-799924
-799988
-800020
-799864
-799884
-799760
-800068
-799932
-799972
-799924
-799996
-799936
-799912
-800052
-799928
-799984
-799716
-799804
-799752
-799836
-799728
-799844
-799792
-799572
-799692
-799768
-799684
-799780
-800024
-799932
-800028
-800136
-800244
-800216
-800044
-799976
-800104
-800172
-800132
-800176
-800124
-800044
-800136
-800288
-800292
-800160
-800084
-800184
-800260
-800288
-800336
-800344
-800404
-800432
-800432
-800464
-800412
-800416
-800408
-800316
-800444
-800432
-800372
-800408
-800368
-800436
-800460
-800464
-800584
-800512
-800460
-800320
-800236
-800292
-800352
-800408
-800456
-800484
-800464
-800368
-800568
-800616
-800456
-800344
-800264
-800184
-800304
-800400
-800612
-800488
-800516
-800664
-800744
-800684
-800632
-800600
-800680
-800752
-800704
-800720
-800668
-800724
-800696
-800804
-800724
-800756
-800664
-800688
-800688
-800640
-800684
-800524
-800388
-800260
-800268
-800208
-800192
-800200
-800008
-799884
-799980
-799856
-800040
-799956
-799920
-799872
-799692
-799496
-799432
-799552
-799480
-799488
-799432
-799504
-799432
-799400
-799536
-799508
-799760
-799852
-799756
-799708
-799888
-799732
-799668
-799700
-799568
-799480
-799416
-799364
-799212
-799392
-799476
-799524
-799740
-799724
-799580
-799688
-799728
-799808
-799732
-799636
-799792
-799684
-799628
-799552
-799620
-799656
-799716
-799692
-799660
-799684
-799596
-799544
-799520
-799396
-799400
-799408
-799572
-799416
-799428
-799368
-799676
-799464
-799692
-799628
-799640
-799524
-799512
-799512
-799900
-800144
-800184
-800280
-800280
-800228
-800132
-800144
-800420
-800576
-800504
-800476
-800444
-800112
-800120
-800148
-800124
-800144
-800232
-800180
-800280
-800384
-800484
-800408
-800408
-800252
-800124
-800084
-800052
-799908
-800012
-800016
-800016
-799976
-799732
-799644
-799552
-799396
-799296
-799284
-799292
-799124
-799136
-799156
-799112
-799200
-799268
-799284
-799280
-799220
-799224
-799144
-799232
-799268
-799320
-799204
-799240
-799180
-799108
-798980
-798864
-798984
-798992
-799088
-798884
-798812
-798748
-798752
-798760
-798796
-798824
-798836
-798900
-798960
-799020
-799028
-799056
-799048
-799148
-799192
-799340
-799556
-799492
-799544
-799376
-799300
-799032
-798988
-799068
-798976
-799016
-799320
-799376
-799416
-799444
-799604
-799624
-799620
-799692
-799684
-799700
-799756
-799708
-799660
-799460
-799512
-799536
-799676
-799744
-799656
-799940
-799784
-799556
-799468
-799564
-799544
-799684
-799644
-799564
-799672
-799744
-799700
-799688
-799544
-799580
-799528
-799456
-799344
-799240
-799156
-799224
-799136
-799104
-799196
-799112
-799044
-798932
-798812
-798756
-798836
-798784
-798792
-798692
-798744
-798696
-798796
-798812
-798884
-798892
-798840
-798868
-798980
-799124
-799260
-799412
-799440
-799444
-799332
-799316
-799304
-799328
-799476
-799480
-799480
-799492
-799464
-799480
-799428
-799312
-799304
-799244
-799196
-799116
-799208
-799216
-799260
-799428
-799588
-799660
-799776
-799788
-799848
-799836
-799792
-799776
-799756
-800048
-800032
-800004
-799852
-799920
-799912
-799820
-799784
-799824
-799936
-799864
-799892
-799912
-799952
-799940
-800204
-800044
-799996
-800008
-800036
-800052
-800068
-800104
-799960
-799912
-799892
-799848
-799752
-799780
-799632
-799952
-799964
-800052
-800380
-800180
-800060
-800200
-800216
-800456
-800572
-800504
-800164
-800360
-800188
-800244
-800328
-800388
-800268
-800204
-800064
-800140
-800004
-800024
-800084
-800000
-800148
-800148
-800176
-800136
-800208
-800600
-800648
-800672
-800604
-800604
-800640
-800616
-800788
-800880
-800848
-800892
-801004
-801048
-801036
-801056
-800980
-800916
-801088
-801128
-801104
-801320
-801288
-801216
-801248
-801120
-800812
-800804
-800620
-800604
-800720
-800944
-800972
-800756
-800960
-800984
-800928
-800872
-801164
-801296
-801292
-801344
-801420
-801368
-801348
-801336
-801184
-801192
-801204
-801232
-801184
-801104
-801012
-800944
-801012
-801060
-801176
-801012
-801028
-801156
-801136
-801092
-801080
-801084
-801164
-801308
-801140
-801024
-800900
-800996
-800904
-800916
-800856
-800940
-801156
-801088
-801004
-800972
-800968
-801160
-801140
-801244
-801184
-801312
-801424
-801208
-800908
-800912
-800920
-800732
-800800
-800852
-800768
-800752
-800708
-800680
-800628
-800572
-800492
-800412
-800428
-800444
-800476
-800348
-800360
-800428
-800196
-800096
-800232
-800364
-800348
-800300
-800320
-800252
-800232
-800124
-799884
-799908
-799968
-800056
-800084
-800156
-800212
-800292
-800208
-800188
-800100
-800216
-800240
-800208
-800256
-800272
-800220
-800232
-800228
-800312
-800224
-800196
-800216
-800432
-800340
-800336
-800400
-800228
-800048
-800432
-800576
-800540
-800476
-800396
-800404
-800308
-800136
-800192
-800076
-799924
-799916
-799892
-799780
-799916
-799984
-799896
-799996
-800084
-799908
-799860
-799816
-799892
-799832
-800000
-799820
-799636
-799672
-799648
-799660
-799660
-799636
-799500
-799456
-799356
-799220
-799092
-798888
-799076
-799152
-799112
-798956
-798936
-799000
-798912
-799040
-799100
-799000
-799036
-798972
-799068
-799088
-799092
-798924
-798900
-798988
-798752
-798824
-798672
-798572
-798496
-798496
-798440
-798552
-798644
-798532
-798448
-798460
-798400
-798372
-798256
-798124
-798064
-797988
-797836
-797692
-797712
-797656
-797652
-797840
-797788
-797672
-797732
-797696
-797752
-797824
-797776
-797768
-797384
-797220
-797144
-797116
-797068
-797068
-797112
-797084
-797128
-797040
-797012
-797076
-797024
-797068
-797096
-797016
-797016
-797012
-797212
-797264
-797672
-797504
-797380
-797560
-797556
-797292
-797240
-796952
-797100
-797076
-797212
-797308
-797112
-797036
-797032
-796948
-796936
-796912
-796760
-796496
-796644
-796608
-796856
-796860
-796696
-796644
-796688
-796592
-796468
-796636
-796788
-796984
-796980
-796952
-796972
-797032
-797252
-797136
-797068
-797112
-797324
-797252
-797336
-797208
-797184
-797268
-797324
-797200
-797220
-797220
-797232
-797252
-797348
-797380
-796972
-796680
-796552
-796672
-796756
-796732
-796584
-796544
-796604
-796684
-796780
-796832
-796772
-796876
-796748
-796672
-796688
-796588
-796704
-796624
-796764
-796832
-796616
-796672
-796972
-796784
-796884
-796972
-796816
-796780
-796612
-796452
-796448
-796388
-796252
-796308
-796268
-796268
-796208
-796240
-796148
-796072
-796108
-796092
-796120
-796064
-796152
-796136
-796092
-796036
-795860
-795800
-795836
-795948
-795888
-795984
-796052
-796172
-796168
-796160
-796148
-796252
-796324
-796384
-796520
-796476
-796600
-796488
-796436
-796420
-796392
-796240
-796444
-796448
-796304
-796192
-796276
-796432
-796492
-796492
-796384
-796632
-796616
-796636
-796700
-796684
-796696
-796792
-796772
-796880
-796864
-797028
-796976
-797056
-796940
-796920
-796924
-796932
-796936
-796996
-797092
-796848
-796720
-797028
-797324
-797388
-797408
-797332
-797176
-797192
-797340
-797420
-797460
-797432
-797004
-796872
-796888
-796892
-796692
-796604
-796560
-796548
-796604
-796292
-796260
-796188
-796144
-795992
-795968
-795800
-795880
-795700
-795672
-795792
-795736
-796164
-796220
-796108
-796180
-796084
-796308
-796212
-796288
-796224
-796156
-796176
-796340
-796364
-796316
-796372
-796504
-796444
-796456
-796392
-796392
-796292
-796284
-796160
-796204
-796220
-796156
-796216
-796148
-796148
-796280
-796448
-796472
-796436
-796476
-796448
-796400
-796336
-796108
-796268
-796036
-796076
-796072
-796136
-796296
-796308
-796188
-796220
-796080
-796116
-795796
-795920
-795868
-795792
-795880
-795864
-795776
-795792
-795888
-795804
-795864
-795752
-795668
-795776
-795660
-795720
-795904
-795924
-796044
-796116
-796132
-796348
-796284
-796332
-796312
-796272
-796048
-795832
-795752
-795664
-795652
-795676
-795716
-795712
-795656
-795664
-795532
-795484
-795624
-795636
-795792
-795704
-795696
-795552
-795492
-795752
-795644
-795884
-796036
-796100
-796056
-796020
-796008
-796024
-796060
-796172
-796248
-796148
-796196
-796200
-796136
-795976
-796044
-796028
-796188
-796380
-796268
-796172
-796132
-796116
-796116
-796176
-796300
-796312
-796384
-796372
-796248
-796348
-796304
-796340
-796420
-796436
-796492
-796552
-796468
-796636
-796416
-796388
-796256
-796132
-796192
-796264
-795744
-795724
-795612
-795608
-795708
-795832
-795828
-795856
-795928
-795944
-795976
-795852
-795780
-796052
-795892
-795952
-796040
-796136
-796216
-796188
-796004
-795920
-796092
-796084
-796068
-796068
-796288
-796192
-796128
-796180
-796308
-796224
-796556
-796376
-796436
-796568
-796560
-796596
-796788
-796804
-796936
-796988
-796972
-797016
-797084
-797112
-797016
-797144
-797144
-797188
-797288
-797456
-797400
-797364
-797256
-797388
-797508
-797560
-797596
-797496
-797616
-797792
-797796
-797880
-797964
-797960
-797880
-797864
-797904
-797852
-797812
-797880
-798060
-798104
-797964
-797900
-798124
-798168
-798228
-798132
-798108
-798072
-798108
-798164
-798232
-798000
-798136
-798060
-798024
-797996
-798104
-798028
-798076
-798040
-798100
-798308
-798628
-798556
-798648
-798632
-798804
-798752
-798804
-798848
-798804
-798684
-798772
-798664
-798732
-798708
-798828
-799008
-798912
-799028
-798996
-799100
-798996
-799056
-799076
-799136
-799112
-799124
-799172
-799152
-799132
-799256
-799348
-799356
-799140
-799136
-799396
-799408
-799412
-799524
-799436
-799436
-799464
-799272
-799408
-799268
-799168
-799100
-799180
-799288
-799276
-799172
-799116
-799120
-798928
-798948
-798968
-798856
-798648
-798652
-798644
-798624
-798680
-798604
-798632
-798640
-798744
-798736
-798836
-798968
-798992
-798524
-798472
-798328
-798528
-798584
-798572
-798672
-798728
-798744
-799068
-798936
-799044
-799056
-798948
-799120
-799244
-799320
-799236
-799248
-799248
-799264
-799340
-799304
-799244
-799304
-799256
-799364
-799420
-799436
-799364
-799352
-799292
-799260
-799332
-799368
-799232
-799220
-799240
-798932
-798852
-798900
-798812
-798832
-798604
-798592
-798620
-798732
-798628
-798572
-798728
-798548
-798592
-798488
-798744
-798892
-798952
-798808
-798768
-798696
-798852
-798864
-798836
-798792
-798912
-799048
-798952
-798600
-798812
-799072
-799044
-798952
-798960
-798948
-798840
-798864
-798900
-798904
-798616
-798672
-798960
-798808
-798892
-798648
-798620
-798620
-798780
-798824
-798900
-798996
-799012
-798660
-798556
-798620
-798592
-798624
-798476
-798348
-798168
-798072
-797904
-797720
-797780
-797812
-797788
-797712
-797364
-797460
-797508
-797620
-797592
-797580
-797480
-797388
-797428
-797320
-797292
-797176
-797144
-797188
-797164
-796992
-796764
-796824
-796752
-796760
-796768
-796756
-796744
-796748
-796804
-796628
-796788
-796740
-796724
-796768
-796792
-796660
-796720
-796712
-796728
-796920
-797128
-797076
-796892
-796804
-796888
-796900
-796788
-796888
-797060
-796880
-796816
-796832
-796824
-796728
-796584
-796496
-796412
-796440
-796428
-796372
-796328
-796488
-796464
-796316
-796124
-796220
-796392
-796312
-796232
-796296
-796404
-796372
-796396
-796404
-796260
-796008
-795916
-795744
-795800
-795736
-795876
-795744
-795708
-795816
-795840
-795848
-795988
-795952
-795936
-795760
-795776
-795764
-795708
-795836
-795760
-795668
-795600
-795648
-795580
-795564
-795484
-795472
-795580
-795620
-795584
-795540
-795588
-795536
-795616
-795608
-795600
-795520
-795384
-795324
-795276
-795292
-795308
-795272
-795336
-795392
-795384
-795364
-795468
-795492
-795508
-795604
-795572
-795576
-795684
-795852
-795844
-795948
-796124
-796056
-795888
-795808
-795968
-795932
-795856
-795852
-795868
-795772
-795760
-795820
-795844
-795772
-795780
-795868
-796004
-795976
-795920
-795944
-796076
-796032
-796000
-796036
-795944
-795952
-795864
-795796
-795672
-795572
-795688
-795652
-795564
-795712
-795752
-795504
-795484
-795308
-795348
-795360
-795448
-795420
-795272
-795240
-795364
-795280
-795392
-795664
-795616
-795572
-795500
-795444
-795208
-795108
-795156
-795204
-795288
-795300
-795440
-795508
-795380
-795636
-795712
-795828
-795808
-795760
-795652
-795636
-795640
-795580
-795596
-795632
-795584
-795436
-795460
-795400
-795340
-795288
-795316
-795152
-795032
-795040
-795096
-794964
-794896
-794980
-795004
-795164
-795152
-795376
-795260
-795272
-795232
-795292
-795180
-795124
-795164
-795228
-795248
-795360
-795348
-795404
-795852
-795796
-795616
-795644
-795780
-795792
-795640
-795700
-795752
-795736
-795896
-795968
-795852
-795844
-795728
-795784
-796040
-796040
-796280
-796352
-796316
-796396
-796544
-796480
-796404
-796468
-796376
-796440
-796460
-796456
-796568
-796520
-796628
-796548
-796484
-796512
-796472
-796500
-796424
-796456
-796592
-796640
-796744
-796760
-796824
-796772
-796812
-796744
-796912
-796996
-796944
-797028
-797152
-797088
-797212
-797272
-797120
-797304
-797196
-797172
-797040
-796956
-796636
-796660
-796688
-796504
-796444
-796372
-796356
-796308
-796180
-796232
-796348
-796380
-796360
-796244
-796292
-796272
-796308
-796064
-796084
-795960
-795932
-795904
-795688
-795740
-795740
-795760
-795792
-795692
-795648
-795584
-795568
-795636
-795712
-795724
-795708
-795832
-795928
-795932
-796060
-796208
-796188
-796168
-796160
-796004
-795872
-795936
-795816
-795952
-796040
-795960
-796004
-795928
-795844
-796200
-796312
-796192
-796268
-796244
-796116
-795876
-795780
-795488
-795440
-795412
-795488
-795352
-795192
-795124
-795148
-795152
-795144
-794956
-794976
-795132
-795148
-795084
-795200
-795264
-795444
-795432
-795432
-795468
-795360
-795596
-795508
-795620
-795556
-795496
-795604
-795572
-795620
-795628
-795636
-795664
-795636
-795684
-795740
-795632
-795612
-795608
-795676
-795592
-795608
-795596
-795592
-795640
-795616
-795656
-795780
-795868
-795844
-795928
-796032
-795944
-796032
-795820
-795692
-795656
-795784
-795816
-796016
-795960
-796020
-796008
-795992
-796028
-795988
-795944
-795968
-795992
-796080
-795992
-796072
-796040
-796160
-796156
-796108
-796080
-796260
-796328
-796124
-796028
-795936
-795900
-796020
-796056
-796148
-796160
-796104
-796176
-796248
-796116
-795864
-795984
-795920
-796016
-795916
-795848
-796028
-795936
-795876
-795784
-795804
-796016
-796008
-795992
-796016
-795936
-796040
-796052
-796104
-795860
-795820
-795876
-795856
-796032
-796096
-796108
-796332
-796304
-796332
-796268
-796316
-796324
-796268
-796264
-796332
-796244
-796212
-796008
-796272
-796168
-796308
-796296
-796236
-796392
-796220
-796192
-796212
-796280
-796268
-796220
-796236
-796332
-796412
-796544
-796488
-796724
-796628
-796604
-796424
-796228
-796192
-796296
-796332
-796504
-796624
-796580
-796424
-796628
-796800
-796684
-796712
-796764
-796852
-796900
-796888
-796868
-796996
-797024
-797116
-796968
-796888
-796960
-797080
-797044
-796928
-796940
-796716
-796680
-796372
-796252
-796416
-796404
-796704
-796604
-796536
-796756
-796700
-796752
-796968
-797052
-797028
-797000
-797008
-797056
-797072
-797052
-796896
-796896
-796800
-796804
-796728
-796900
-796904
-796968
-796620
-796612
-796532
-796512
-796504
-796452
-796376
-796384
-796604
-796624
-796732
-796800
-796960
-796872
-796904
-796908
-796788
-796688
-796548
-796492
-796556
-796604
-796652
-796476
-796480
-796572
-796516
-796536
-796500
-796380
-796356
-796372
-796488
-796592
-796696
-796744
-796528
-796396
-796284
-796424
-796508
-796388
-796128
-796180
-796056
-796024
-795960
-795992
-796020
-795996
-795916
-795784
-795748
-795732
-795752
-795820
-795980
-795868
-796016
-795908
-795884
-795944
-795828
-795740
-795744
-795724
-795784
-795712
-795688
-795656
-795840
-795640
-795588
-795668
-795540
-795628
-795604
-795312
-795336
-795344
-795244
-795132
-795152
-795376
-795396
-795524
-795384
-795308
-795168
-794928
-795100
-795148
-795452
-795452
-795532
-795160
-795288
-795432
-795316
-795392
-795216
-795224
-795284
-795108
-795184
-795044
-795204
-795120
-795072
-795080
-795052
-794972
-794892
-794976
-795024
-794984
-795000
-795336
-795428
-795632
-795636
-795636
-795636
-795648
-795628
-795744
-795680
-795932
-795820
-795948
-795892
-795784
-795760
-795716
-795616
-795660
-795596
-795664
-795688
-795760
-795692
-795844
-795808
-795852
-795656
-795912
-795976
-795972
-795972
-795820
-795928
-796064
-796144
-795920
-795996
-796064
-796192
-796332
-796496
-796380
-796424
-796404
-796264
-795972
-796092
-795976
-796092
-796052
-795904
-796084
-796264
-796376
-796292
-796308
-796172
-796116
-795828
-795776
-795908
-795860
-795908
-795912
-795916
-796004
-795916
-795884
-795912
-795916
-795788
-795652
-795756
-795852
-795780
-795788
-795740
-795820
-795740
-795784
-795792
-795824
-795972
-795880
-795840
-795928
-795852
-795848
-795860
-795632
-795584
-795604
-795608
-795564
-795528
-795484
-795512
-795616
-795500
-795460
-795424
-795388
-795504
-795512
-795408
-795072
-794912
-795056
-795008
-794940
-794968
-795016
-795128
-795252
-795244
-795032
-795140
-795008
-794976
-794960
-795020
-794852
-795004
-795188
-795208
-795168
-795060
-795000
-794932
-794824
-794720
-794712
-794768
-794868
-794824
-794772
-794640
-794500
-794580
-794620
-794560
-794528
-794536
-794516
-794440
-794408
-794060
-794136
-794076
-793960
-793960
-794084
-794128
-794172
-794144
-794012
-794028
-794036
-794032
-794020
-794208
-794184
-794100
-794092
-794316
-794056
-793984
-794116
-794284
-794384
-794316
-794268
-794216
-793956
-794004
-793992
-793752
-793676
-793428
-793384
-793452
-793576
-793572
-793684
-793484
-793444
-793388
-793492
-793648
-793772
-793884
-793880
-793928
-793836
-793828
-793624
-793752
-793808
-793784
-793748
-793832
-793792
-793812
-793960
-794000
-793888
-793912
-793492
-793556
-793440
-793412
-793400
-793464
-793524
-793460
-793556
-793580
-793564
-794076
-794060
-793928
-793924
-793876
-793792
-793848
-793752
-793756
-793708
-793612
-793624
-793720
-793668
-793640
-793708
-793700
-793580
-793792
-793872
-793948
-793884
-793588
-793664
-793744
-793720
-793660
-793800
-793888
-794088
-794168
-794196
-794176
-794176
-794068
-793848
-793916
-793960
-793876
-793860
-793848
-793648
-793756
-793764
-793772
-793756
-794140
-794068
-794136
-794124
-794180
-794264
-794320
-794372
-794384
-794220
-794168
-794200
-794172
-794240
-794296
-794192
-794152
-794064
-794020
-794080
-794096
-793948
-793876
-793976
-794032
-794000
-794108
-794060
-793948
-794012
-793932
-794056
-794064
-794208
-794248
-794388
-794532
-794552
-794468
-794376
-794664
-794500
-794544
-794732
-794652
-794724
-794564
-794532
-794572
-794500
-794532
-794500
-794500
-794616
-794660
-794720
-794740
-794708
-794444
-794468
-794464
-794452
-794420
-794492
-794548
-794604
-794600
-794556
-794408
-794484
-794608
-794488
-794568
-794616
-794648
-794772
-794716
-794672
-794528
-794404
-794532
-794520
-794352
-794260
-794236
-794276
-794236
-794272
-794336
-794244
-794140
-794112
-794000
-793872
-793940
-793936
-793932
-794008
-794016
-793992
-793992
-793908
-794004
-793808
-793712
-793604
-793576
-793448
-793476
-793524
-793668
-793664
-793632
-793800
-793872
-793920
-793840
-793872
-793784
-793760
-793716
-793736
-793712
-793840
-793780
-793892
-793984
-793932
-794024
-794004
-794024
-793840
-793908
-793824
-793672
-793832
-794060
-794148
-794188
-794288
-794344
-794452
-794528
-794604
-794640
-794684
-794768
-794680
-794644
-794732
-794700
-794652
-794556
-794636
-794676
-794712
-794716
-795012
-794944
-794776
-794616
-794852
-794812
-794968
-795032
-794988
-794928
-794832
-794616
-794636
-794716
-794860
-794804
-794908
-794924
-794996
-794912
-795056
-795336
-795212
-795356
-795348
-795132
-795240
-795212
-795184
-795200
-795044
-795072
-795580
-795860
-795936
-795920
-795816
-795620
-795780
-795772
-795680
-795628
-795584
-795732
-795744
-795740
-796016
-796120
-796160
-796152
-796152
-795972
-795948
-795936
-795896
-796040
-796008
-795944
-795884
-795980
-795960
-796000
-796124
-795816
-795740
-795616
-795416
-795388
-795332
-794916
-794920
-794976
-794972
-795016
-794964
-795004
-795140
-794988
-794812
-794776
-794552
-794716
-794676
-794588
-794644
-794660
-794592
-794600
-794648
-794604
-794676
-794648
-794768
-794776
-794836
-794960
-794936
-794940
-795008
-795004
-795084
-795032
-795104
-795064
-795060
-795076
-795192
-795316
-795384
-795216
-795212
-795456
-795404
-795608
-795528
-795552
-795636
-795716
-795684
-795712
-795700
-795648
-795608
-795584
-795516
-795900
-796092
-796036
-796032
-795968
-796260
-796224
-796216
-796224
-795896
-795716
-795804
-795784
-795828
-795772
-795960
-795896
-795784
-795980
-796024
-795964
-795928
-796052
-796024
-796160
-796248
-796272
-796328
-796384
-796336
-796584
-796520
-796384
-796328
-796316
-796340
-796336
-796308
-796392
-796472
-796480
-796604
-796664
-796716
-796584
-796672
-796732
-796676
-796904
-796768
-796928
-796928
-797000
-796996
-797028
-796992
-796996
-797028
-796980
-796964
-797052
-796988
-797008
-796956
-796876
-796912
-796900
-796744
-796900
-796832
-796852
-796908
-796892
-796828
-796620
-796668
-796572
-796648
-796648
-796520
-796404
-796280
-796228
-796096
-796176
-796336
-796456
-796572
-796464
-796428
-796788
-796848
-796816
-796908
-796932
-796952
-796988
-796888
-796924
-796984
-797004
-796984
-797088
-797204
-797212
-797216
-797124
-796948
-796968
-796896
-796884
-796888
-796964
-797016
-797016
-796592
-796680
-796644
-796636
-796444
-796448
-796652
-796592
-796856
-796776
-796792
-796736
-796732
-796688
-796700
-796720
-796584
-796512
-796428
-796608
-796528
-796604
-796504
-796420
-796520
-796440
-796384
-796372
-796300
-796384
-796352
-796500
-796436
-796536
-796784
-797008
-797032
-796960
-796956
-797076
-797028
-797052
-797088
-796912
-797000
-797108
-797132
-797076
-796984
-796816
-796608
-796760
-796760
-796784
-796712
-796696
-796636
-796688
-796564
-796536
-796608
-796700
-796508
-796532
-796404
-796056
-796044
-795852
-795860
-795788
-795812
-795916
-795776
-795804
-795768
-795856
-795848
-795908
-795908
-795888
-795840
-795904
-795876
-795872
-795768
-795888
-795736
-796048
-796168
-796112
-796032
-796168
-796112
-796188
-796172
-796400
-796420
-796412
-796180
-796376
-796416
-796572
-796520
-796580
-796612
-796536
-796576
-796480
-796344
-796516
-796420
-796448
-796276
-796428
-796480
-796488
-796472
-796548
-796516
-796400
-796416
-796340
-796376
-796536
-796568
-796492
-796568
-796760
-796908
-796752
-796648
-796464
-796388
-796492
-796552
-796584
-796700
-796692
-796768
-796824
-796744
-796684
-796672
-796724
-796628
-796668
-796680
-796612
-796684
-796872
-797032
-797028
-797108
-797348
-797400
-797672
-797580
-797336
-797304
-797216
-797160
-797060
-797088
-797048
-797096
-797220
-797196
-797208
-797308
-797392
-797492
-797544
-797620
-797692
-797792
-797780
-797804
-797884
-798020
-798108
-798256
-798516
-798632
-798576
-798488
-798456
-798280
-798180
-798248
-798256
-798224
-798344
-798448
-798460
-798496
-798600
-798620
-798844
-798740
-798700
-798644
-798592
-798748
-798640
-798432
-798448
-798460
-798564
-798716
-798708
-798600
-798620
-798668
-798480
-798464
-798436
-798376
-798576
-798644
-798600
-798596
-798668
-798744
-798732
-798732
-798744
-798760
-798708
-798628
-798904
-798900
-798948
-798780
-798692
-798536
-798624
-798608
-798492
-798532
-798460
-798444
-798488
-798368
-798104
-797952
-797876
-797672
-797664
-797596
-797524
-797524
-797516
-797592
-797332
-797388
-797280
-797112
-797124
-797156
-797196
-797360
-797168
-797072
-797036
-797296
-797280
-797280
-797344
-797408
-797476
-797500
-797456
-797424
-797232
-797436
-797476
-797476
-797384
-797364
-797208
-797432
-797472
-797484
-797412
-797456
-797404
-797476
-797536
-797524
-797460
-797380
-797324
-797220
-797124
-797272
-797260
-797260
-797052
-796900
-796884
-797080
-797072
-797116
-797092
-796936
-796980
-797068
-797148
-796880
-796772
-796644
-796604
-796580
-796548
-796832
-796860
-796796
-796988
-796952
-796908
-797104
-797112
-797076
-797080
-797140
-797020
-797148
-797004
-796784
-796800
-796852
-796816
-796988
-796920
-796956
-796828
-796788
-796720
-796660
-796612
-796692
-796624
-796744
-796784
-796604
-796548
-796312
-796208
-796224
-796248
-796248
-796244
-796136
-796080
-796152
-796100
-796168
-796196
-796176
-796264
-796264
-796312
-796572
-796584
-796624
-796652
-796668
-796696
-796808
-796524
-796548
-796660
-796736
-796904
-796936
-796816
-796776
-796756
-796832
-796960
-797064
-797120
-797120
-797100
-797324
-797404
-797412
-797528
-797476
-797660
-797632
-797732
-798040
-798120
-798164
-798256
-798264
-798372
-798304
-798260
-798352
-798188
-798452
-798444
-798416
-798372
-798176
-798104
-798248
-798228
-798232
-798212
-798328
-798276
-798280
-798260
-798256
-798316
-798308
-798340
-798308
-798260
-798328
-798484
-798552
-798644
-798824
-798804
-798840
-798684
-798836
-798832
-798776
-798708
-798780
-798616
-798680
-798732
-798748
-798808
-798988
-799096
-799156
-799068
-799108
-799208
-799032
-799088
-799168
-799156
-798992
-799088
-799100
-799016
-799160
-799164
-799140
-799036
-799004
-799036
-799044
-799248
-799372
-799408
-799344
-799200
-799188
-799304
-799276
-799300
-799272
-799560
-799620
-799628
-799516
-799576
-799496
-799360
-799456
-799476
-799556
-799600
-799580
-799488
-799460
-799400
-799448
-799256
-799232
-799128
-799152
-799032
-799152
-799192
-799204
-799172
-799088
-799172
-799136
-799080
-798968
-798976
-798872
-799156
-799156
-799040
-798968
-799028
-799048
-799192
-799192
-799116
-799100
-799272
-799292
-799204
-799288
-799380
-799372
-799380
-799496
-799392
-799320
-799552
-799568
-799520
-799616
-799448
-799372
-799348
-799456
-799492
-799428
-799416
-799412
-799336
-799556
-799576
-799536
-799392
-799456
-799340
-799392
-799476
-799444
-799284
-799296
-799356
-799320
-799300
-799452
-799504
-799512
-799716
-799676
-799716
-799856
-799676
-799620
-799776
-799676
-799700
-799812
-799808
-799736
-799740
-799640
-799540
-799588
-799472
-799524
-799456
-799400
-799660
-799736
-799740
-799868
-799848
-799924
-799920
-799996
-800172
-800184
-800164
-800208
-800284
-800228
-800276
-800232
-800108
-800128
-800168
-800132
-800140
-800184
-800232
-800164
-800256
-800224
-800228
-800204
-800288
-800212
-800216
-799928
-799996
-799988
-799992
-800244
-800272
-800244
-800232
-800264
-800304
-800120
-800124
-800288
-800396
-800476
-800524
-800596
-800620
-800692
-800568
-800636
-800716
-800716
-800868
-800880
-800864
-801016
-801028
-800828
-800944
-800884
-800920
-800988
-800920
-800992
-800888
-800664
-800668
-800660
-800484
-800488
-800480
-800608
-800668
-800516
-800312
-800272
-800248
-800328
-800184
-800148
-800324
-800392
-800308
-800396
-800664
-800532
-800692
-800784
-800632
-800564
-800536
-800548
-800556
-800512
-800380
-800244
-800236
-800068
-800104
-799976
-800028
-799992
-800028
-799968
-799896
-799964
-799988
-799920
-799848
-799732
-799772
-799744
-799708
-799864
-799876
-799956
-799940
-799648
-799580
-799612
-799364
-799396
-799216
-799408
-799468
-799524
-799608
-799656
-799808
-799744
-799744
-799648
-799668
-799540
-799656
-799744
-799628
-799588
-799740
-799712
-799868
-799772
-799776
-799676
-799828
-799648
-799588
-799516
-799616
-799648
-799640
-799624
-799704
-799636
-799580
-799580
-799584
-799660
-799576
-799492
-799556
-799508
-799536
-799624
-799684
-799636
-799516
-799504
-799248
-799344
-799296
-799376
-799324
-799276
-799292
-799236
-799140
-799024
-798984
-798980
-799040
-798904
-799060
-799100
-799000
-799172
-799152
-799392
-799492
-799352
-799304
-799336
-799204
-799160
-799176
-799212
-799216
-799276
-799280
-799424
-799400
-799564
-799532
-799576
-799596
-799492
-799928
-799964
-799904
-799828
-799848
-799740
-799936
-799912
-799960
-799820
-799840
-799772
-799968
-800060
-800232
-800032
-800008
-800088
-800056
-800128
-800144
-800112
-800192
-800336
-800436
-800496
-800420
-800464
-800484
-800436
-800488
-800380
-800464
-800416
-800404
-800340
-800348
-800336
-800400
-800324
-800240
-800180
-800244
-800364
-800440
-800328
-800216
-800300
-800328
-800300
-800256
-800304
-800388
-800380
-800192
-800152
-800072
-800028
-799812
-799872
-799868
-799832
-799568
-799612
-799544
-799476
-799552
-799512
-799528
-799644
-799552
-799596
-799636
-799672
-799672
-799644
-799668
-799592
-799608
-799656
-799540
-799536
-799492
-799384
-799488
-799368
-799448
-799772
-799384
-799544
-799560
-799532
-799832
-799944
-800020
-799976
-800280
-800400
-800600
-800716
-800712
-800320
-800316
-800316
-800340
-800124
-800316
-800396
-800388
-800660
-800468
-800544
-800580
-800596
-800468
-800452
-800412
-800376
-800444
-800396
-800472
-800560
-800300
-800372
-800520
-800264
-800296
-800416
-800496
-800436
-800584
-800716
-800768
-800692
-800672
-800500
-800520
-800656
-800632
-800660
-800656
-800620
-800668
-800708
-800660
-800436
-800444
-800472
-800428
-800696
-800820
-800844
-800816
-800752
-800652
-800520
-800436
-800480
-800536
-800592
-800488
-800436
-800528
-800524
-800472
-800380
-800428
-800064
-799736
-799784
-799736
-799672
-799748
-799612
-799564
-799544
-799524
-799568
-799600
-799560
-799688
-799676
-799208
-799316
-799248
-799212
-799384
-799452
-799512
-799364
-799812
-799792
-799840
-800116
-800048
-800088
-800000
-799904
-799892
-799928
-799840
-799932
-800012
-800040
-799924
-799892
-800132
-800256
-800280
-800384
-800548
-800512
-800556
-800940
-800836
-801184
-801332
-801296
-801276
-801220
-801272
-801352
-801376
-801400
-801436
-801388
-801436
-801496
-801628
-801544
-801544
-801468
-801532
-801500
-801512
-801344
-801304
-801604
-801616
-801324
-801408
-801348
-801440
-801440
-801452
-801400
-801608
-801600
-801428
-801372
-801312
-801328
-801128
-801228
-801240
-801176
-801156
-801196
-801192
-801240
-801300
-801268
-801248
-801168
-801212
-801116
-800920
-800892
-800776
-800716
-800596
-800488
-800644
-800636
-800724
-800656
-800548
-800444
-800312
-800352
-800280
-800344
-800432
-800372
-800480
-800456
-800620
-800516
-800576
-800588
-800632
-800564
-800672
-800628
-800628
-800568
-800612
-800668
-800812
-800812
-800752
-800592
-800644
-800908
-800908
-800856
-800724
-800668
-800532
-800372
-800572
-800584
-800584
-800720
-800736
-800684
-800572
-800440
-800380
-800480
-800484
-800464
-800512
-800488
-800632
-800528
-800368
-800332
-800084
-800048
-799952
-799864
-799804
-799548
-799676
-799612
-799684
-799780
-799784
-799856
-799848
-799708
-799836
-799772
-799800
-799768
-799768
-799672
-799752
-799720
-799696
-799676
-799716
-799704
-799724
-799688
-799944
-800100
-799980
-799992
-800036
-799900
-799820
-800056
-800116
-800196
-800184
-800032
-800124
-800168
-800224
-800120
-800092
-800132
-800096
-800056
-800080
-800196
-799948
-799960
-799928
-799992
-800004
-800000
-800120
-799968
-799960
-799928
-799936
-799756
-799928
-799644
-799708
-799712
-799704
-799632
-799500
-799596
-799496
-799348
-799356
-799300
-799228
-799208
-799060
-799016
-798976
-799116
-799140
-799124
-798988
-798884
-798916
-798964
-798968
-799016
-798872
-798952
-799076
-799192
-799144
-799200
-799280
-799216
-799276
-799280
-799384
-799280
-799300
-799484
-799504
-799520
-799456
-799464
-799376
-799504
-799548
-799432
-799392
-799340
-799488
-799456
-799384
-799520
-799644
-799892
-799940
-799980
-800136
-800196
-800120
-800152
-800172
-800236
-800156
-800316
-800396
-800284
-800184
-800280
-800328
-800500
-800432
-800380
-800396
-800268
-800228
-800240
-800232
-800236
-800400
-800336
-800364
-800336
-800276
-800328
-800212
-800224
-800204
-800100
-800080
-800160
-800192
-800028
-799916
-799872
-799796
-799812
-799832
-799848
-799960
-800012
-799992
-799880
-799768
-799732
-799748
-799580
-799628
-799812
-799740
-799628
-799736
-799828
-799864
-799808
-799628
-799544
-799444
-799400
-799348
-799384
-799272
-799232
-799212
-799224
-799060
-799120
-798996
-799004
-798936
-798856
-798900
-798888
-798888
-798864
-798880
-798916
-798816
-798808
-798640
-798632
-798812
-798956
-799044
-799044
-798936
-798900
-798936
-798936
-799152
-799072
-799176
-799012
-799088
-799164
-799212
-799148
-799068
-798972
-798948
-798976
-798996
-798896
-799040
-799112
-799260
-799148
-799064
-799152
-799104
-799136
-799172
-799060
-799064
-799132
-799088
-799380
-799492
-799432
-799664
-799656
-799672
-799712
-799720
-799680
-799736
-799820
-799620
-799420
-799356
-799316
-799420
-799500
-799728
-799696
-799544
-799448
-799348
-799340
-799504
-799464
-799544
-799448
-799252
-799176
-799128
-799060
-798884
-798816
-798852
-799124
-799352
-799416
-799324
-799264
-799348
-799348
-799272
-799348
-799440
-799400
-799376
-799316
-799344
-799336
-799304
-799136
-799112
-799204
-799248
-799144
-799260
-799100
-799040
-799000
-798840
-798832
-798880
-798816
-798836
-798872
-798912
-798976
-799036
-799064
-799008
-798968
-798712
-798768
-798864
-798932
-798868
-798992
-798940
-798896
-798608
-798736
-799072
-798972
-799076
-799184
-799024
-798864
-798860
-798780
-798564
-798676
-798668
-798628
-798632
-798564
-798796
-798816
-799004
-798868
-798792
-798964
-798912
-798916
-798972
-799116
-798960
-798988
-798940
-798972
-798948
-799040
-798920
-798840
-798780
-798780
-798772
-798864
-798892
-798856
-798892
-798908
-798900
-798980
-799044
-799024
-798920
-798884
-798876
-798940
-799012
-799300
-799452
-799540
-799636
-799516
-799376
-799336
-799312
-799308
-799176
-799156
-799288
-799472
-799536
-799656
-799580
-799740
-799744
-799640
-799584
-799332
-799336
-799204
-799144
-799416
-799376
-799288
-799196
-799392
-799564
-799660
-799656
-799624
-799576
-799468
-799456
-799456
-799320
-799472
-799436
-799340
-799436
-799420
-799388
-799408
-799184
-799240
-799192
-799344
-799228
-799280
-799252
-799480
-799440
-799324
-799324
-799000
-798968
-798608
-798696
-798816
-798884
-798976
-798804
-798780
-798700
-798664
-798888
-798792
-798856
-798732
-798680
-798576
-798712
-798716
-798664
-798856
-798872
-798896
-798904
-798820
-798784
-798776
-798708
-798568
-798528
-798460
-798432
-798308
-798388
-798156
-798048
-797996
-797916
-797856
-797872
-797912
-797872
-797972
-797904
-797736
-797796
-797776
-797832
-797764
-797824
-797924
-797840
-797876
-797564
-797520
-797680
-797608
-797672
-797800
-797684
-797748
-797920
-797948
-797944
-798132
-798100
-798048
-798100
-797988
-798132
-797968
-797904
-797816
-797860
-797640
-797816
-797700
-797660
-797528
-797428
-797564
-797688
-797628
-797548
-797928
-797884
-797892
-797856
-797816
-797676
-797700
-797748
-797660
-797724
-797560
-797508
-797356
-797400
-797392
-797428
-797440
-797348
-797168
-797172
-797384
-797276
-797340
-797336
-797132
-797160
-797020
-797016
-797028
-796956
-797084
-797072
-797056
-797008
-796904
-796720
-796768
-796816
-796940
-796888
-796708
-796760
-796552
-796524
-796544
-796628
-796740
-796700
-796832
-796836
-796720
-796652
-796816
-796824
-796640
-796796
-796684
-796836
-796660
-796772
-796788
-796816
-796860
-796900
-796912
-796560
-796488
-796428
-796548
-796484
-796572
-796704
-796756
-796608
-796568
-796468
-796644
-796552
-796480
-796624
-796760
-796868
-796996
-797160
-797176
-797084
-797128
-797080
-797128
-796960
-796908
-797132
-796992
-797092
-797256
-797192
-797224
-797328
-797296
-797204
-797136
-797184
-797148
-797104
-797236
-797244
-797208
-797112
-797108
-797192
-797160
-797088
-797152
-797136
-797096
-797100
-797140
-797108
-797120
-797272
-797332
-797384
-797284
-797116
-797004
-796984
-797020
-797128
-797000
-796900
-796936
-796724
-796700
-796640
-796556
-796428
-796464
-796748
-796632
-796740
-796732
-796832
-796840
-796792
-796804
-796944
-796996
-797012
-797048
-797100
-797288
-797220
-797252
-797236
-797284
-797332
-797500
-797452
-797380
-797356
-797380
-797240
-797088
-797044
-797040
-796844
-796912
-796880
-797120
-797060
-796972
-796988
-796836
-796724
-796440
-796448
-796364
-796464
-796340
-796388
-796224
-796156
-796100
-795904
-795836
-795800
-795828
-796008
-795876
-795848
-795864
-796068
-796092
-796104
-795936
-796028
-796164
-796072
-796032
-795956
-796028
-795760
-795820
-795756
-795704
-795732
-795760
-795764
-795852
-795848
-795836
-795980
-795996
-795868
-795888
-795812
-795844
-795756
-795664
-795760
-795704
-795796
-795744
-795656
-795640
-795660
-795836
-795796
-795812
-795832
-795844
-795844
-795940
-795968
-796020
-796204
-796136
-796076
-796024
-795972
-795772
-795748
-795656
-795516
-795536
-795520
-795496
-795512
-795484
-795536
-795728
-795772
-795664
-795940
-795616
-795708
-795932
-795868
-795828
-795724
-795880
-795904
-795952
-796052
-795964
-795968
-796024
-795920
-795792
-795760
-795708
-795928
-796164
-796040
-796140
-796296
-796316
-796316
-796512
-796488
-796560
-796516
-796436
-796320
-796460
-796372
-796428
-796512
-796568
-796548
-796448
-796416
-796400
-796592
-796520
-796632
-796632
-796576
-796652
-796632
-796852
-796984
-796804
-796848
-796984
-796988
-796908
-796900
-796912
-796716
-796808
-796888
-796976
-796976
-797068
-797092
-797048
-797052
-797180
-797160
-797080
-797024
-797076
-797132
-797216
-797352
-797256
-797224
-797144
-797072
-797008
-796976
-796904
-796944
-796776
-796828
-796756
-796756
-796812
-796952
-797036
-796916
-796708
-796560
-796552
-796588
-796680
-796672
-796620
-796636
-796664
-796664
-796660
-796736
-796724
-796740
-796716
-796624
-796792
-796448
-796436
-796596
-796464
-796444
-796460
-796484
-796588
-796836
-796720
-796832
-796872
-796916
-796712
-796628
-796828
-796932
-796960
-796948
-797028
-796992
-797088
-797048
-797176
-797268
-797376
-797368
-797156
-797164
-797188
-797168
-797076
-797096
-797040
-797104
-797100
-797064
-797176
-797108
-797140
-797112
-797168
-797188
-797076
-797068
-797112
-797268
-797316
-797380
-797348
-797200
-797200
-797192
-797404
-797488
-797616
-797656
-797688
-797792
-797920
-798016
-798036
-798080
-798284
-798328
-798404
-798416
-798276
-798304
-798432
-798308
-798308
-798216
-798300
-798300
-798516
-798424
-798356
-798440
-798432
-798444
-798316
-798488
-798612
-798580
-798504
-798500
-798568
-798588
-798712
-798816
-798832
-798904
-798896
-798820
-798748
-798656
-798516
-798584
-798504
-798624
-798652
-798828
-798804
-798832
-798756
-798752
-798628
-798804
-798628
-798740
-798836
-798960
-798904
-798772
-798724
-798760
-798672
-798624
-798612
-798684
-798692
-798620
-798620
-798540
-798344
-798428
-798456
-798264
-798200
-798292
-798248
-798248
-798240
-798124
-798048
-797896
-797956
-797836
-797712
-797696
-797784
-797836
-797828
-798036
-798144
-798164
-798200
-798320
-798360
-798180
-798296
-798396
-798228
-798140
-798196
-798176
-798252
-798176
-798340
-798452
-798488
-798412
-798464
-798252
-798184
-798276
-798184
-798188
-798152
-798292
-798364
-798404
-798300
-798116
-798032
-798112
-798172
-798204
-798056
-797992
-797992
-797936
-797908
-797804
-797896
-797880
-798008
-797824
-797748
-797856
-797852
-797764
-797672
-797676
-797700
-797624
-797776
-797980
-798084
-798224
-798208
-798040
-798056
-797988
-798048
-798016
-798084
-797984
-797984
-798076
-797964
-797952
-798384
-798196
-798204
-798364
-798284
-798232
-798388
-798256
-798264
-798320
-798348
-798408
-798428
-798456
-798408
-798404
-798368
-798172
-798164
-798024
-798104
-798052
-798024
-797812
-797788
-797912
-797816
-797720
-797688
-797776
-797696
-797780
-797796
-797680
-797752
-797840
-797892
-797976
-797804
-797680
-797844
-797852
-798028
-798060
-798052
-797996
-797856
-797684
-797708
-797648
-797648
-797680
-797764
-797736
-797740
-797936
-797948
-798076
-798136
-798116
-798140
-798080
-798000
-797916
-798064
-798108
-798092
-798260
-798160
-798100
-798120
-798172
-798260
-798464
-798380
-798472
-798496
-798556
-798248
-798104
-798292
-798172
-798244
-798472
-798464
-798528
-798600
-798452
-798376
-798352
-798352
-798404
-798496
-798652
-798760
-798716
-798872
-798836
-798780
-798876
-798860
-798740
-798720
-798584
-798648
-798596
-798484
-798516
-798580
-798588
-798544
-798492
-798504
-798276
-798340
-798264
-798204
-798208
-798204
-798292
-798280
-798296
-798324
-798584
-798616
-798672
-798648
-798644
-798348
-798448
-798468
-798448
-798536
-798388
-798352
-798180
-798228
-798180
-798084
-798388
-798564
-798680
-798436
-798532
-798352
-798440
-798476
-798444
-798500
-798568
-798508
-798508
-798592
-798556
-798488
-798432
-798272
-798256
-798368
-798352
-798236
-798056
-797952
-797896
-797968
-798044
-798316
-798128
-798020
-797960
-797992
-797892
-797868
-797948
-798004
-798004
-797988
-797928
-797736
-797752
-797820
-797988
-798268
-798212
-798080
-797844
-797804
-797668
-797632
-797524
-797512
-797536
-797448
-797424
-797536
-797700
-797552
-797600
-797668
-797628
-797660
-797836
-797748
-797720
-797568
-797896
-797824
-797820
-797736
-797812
-797884
-797924
-797852
-797748
-797724
-797900
-798000
-797992
-797908
-797952
-798044
-798240
-798136
-798148
-798084
-798308
-798380
-798448
-798448
-798372
-798428
-798480
-798540
-798552
-798620
-798468
-798440
-798520
-798508
-798264
-798164
-798136
-798028
-798052
-798004
-798412
-798400
-798488
-798316
-798356
-798332
-798308
-798296
-798124
-798116
-798100
-798076
-798108
-798060
-798008
-798136
-798116
-798064
-798124
-798096
-798268
-798376
-798352
-798440
-798244
-798264
-798232
-798224
-798208
-798220
-798104
-797936
-797840
-797980
-797932
-797828
-797908
-797728
-797640
-797780
-798048
-798048
-797996
-797968
-798032
-798124
-798220
-798104
-798220
-798308
-798276
-798148
-798304
-798596
-798320
-798116
-797940
-797840
-797964
-797976
-797980
-798008
-798052
-797984
-798060
-798016
-797992
-797916
-797892
-797896
-797844
-797748
-797788
-797712
-797668
-797792
-797760
-797608
-797820
-797724
-797608
-797340
-797096
-797112
-797256
-797160
-797196
-797216
-797272
-797284
-797348
-797420
-797428
-797392
-797332
-797380
-797472
-797696
-797656
-797792
-797756
-797756
-797628
-797740
-797676
-797704
-797644
-797748
-797620
-797568
-797676
-797744
-797872
-797852
-797680
-797708
-797740
-797752
-797736
-797900
-797936
-798108
-798220
-798204
-798364
-798408
-798500
-798448
-798424
-798140
-798028
-797960
-798156
-798204
-798360
-798288
-798248
-798260
-798280
-798256
-798264
-797996
-797800
-797792
-797840
-797976
-797936
-797916
-797784
-797728
-797644
-797512
-797260
-797256
-797096
-796952
-796928
-796820
-796832
-796884
-796492
-796492
-796644
-796716
-796704
-796684
-796736
-796808
-796940
-796972
-796932
-796840
-796756
-796692
-796624
-796772
-796732
-796732
-796740
-796748
-796956
-796984
-796928
-796752
-796872
-796964
-796872
-796940
-796980
-796888
-796480
-796504
-796484
-796524
-796600
-796652
-796696
-796680
-796560
-796464
-796472
-796420
-796300
-796276
-796192
-796252
-796224
-796268
-796228
-796316
-796604
-796540
-796488
-796448
-796588
-796580
-796836
-796864
-796988
-796932
-797080
-797020
-796940
-797052
-797120
-797116
-797224
-797292
-797028
-797000
-797160
-797296
-797272
-797324
-797432
-797400
-797320
-797392
-797476
-797384
-797348
-797376
-797492
-797500
-797616
-797516
-797620
-797672
-797896
-797960
-797840
-797788
-797752
-797660
-797780
-797756
-797620
-797592
-797708
-797788
-797872
-797748
-797720
-797924
-797932
-797764
-797892
-797824
-797964
-798056
-798136
-798088
-798140
-798220
-798272
-798236
-797916
-798000
-797944
-798064
-798196
-798088
-797972
-797956
-797804
-798076
-798068
-798300
-798360
-798180
-798152
-798136
-798228
-798272
-798320
-798260
-798096
-798064
-797980
-797972
-797908
-797880
-797756
-797792
-797852
-797640
-797652
-797772
-798048
-797964
-797900
-797824
-797868
-797932
-797880
-797920
-797836
-797856
-797748
-797764
-797860
-797952
-797952
-797896
-797892
-797984
-797800
-797776
-797692
-797624
-797756
-797836
-797724
-797848
-797780
-797896
-797888
-797944
-797924
-797956
-798020
-798004
-798040
-798040
-798068
-797936
-797948
-797888
-797944
-797936
-798008
-798032
-798028
-798028
-798044
-797920
-798080
-798076
-797988
-797960
-798004
-798028
-797760
-797836
-797892
-797860
-797584
-797600
-797572
-797516
-797532
-797456
-797468
-797468
-797408
-797336
-797324
-797296
-797276
-797192
-797276
-797320
-797188
-797384
-797388
-797516
-797432
-797356
-797288
-797300
-797320
-797276
-797388
-797364
-797452
-797432
-797388
-797296
-796960
-796888
-796876
-796820
-797016
-797328
-797548
-797448
-797508
-797504
-797616
-797564
-797300
-797192
-797360
-797460
-797632
-797752
-797804
-797788
-797780
-797788
-797704
-797972
-798120
-798100
-798092
-798172
-798256
-798300
-798264
-798532
-798416
-798480
-798516
-798540
-798456
-798488
-798472
-798532
-798632
-798656
-798544
-798740
-798856
-798884
-798896
-798888
-798920
-798784
-798816
-798784
-798776
-798852
-798920
-798860
-798808
-798840
-798876
-799004
-799192
-799324
-799352
-799364
-799284
-799328
-799308
-799284
-799380
-799420
-799432
-799360
-799392
-799188
-799208
-799292
-799516
-799552
-799688
-799684
-799536
-799620
-799668
-799832
-799756
-799844
-799560
-799516
-799484
-799504
-799516
-799552
-799516
-799424
-799492
-799412
-799496
-799676
-799652
-799668
-799732
-799520
-799516
-799488
-799552
-799560
-799504
-799532
-799468
-799524
-799480
-799216
-799212
-799328
-799388
-799344
-799388
-799472
-799588
-799656
-799552
-799588
-799652
-799596
-799544
-799696
-799764
-799720
-799844
-799856
-799784
-799916
-799728
-799752
-799792
-799844
-799952
-800052
-800156
-800212
-800136
-800096
-800144
-800196
-800124
-800080
-800108
-800152
-800076
-800072
-800068
-800084
-800104
-800136
-800264
-800296
-800208
-800172
-800108
-800176
-800100
-800016
-800092
-800172
-800384
-800500
-800532
-800340
-800256
-800112
-800124
-800104
-800000
-799968
-799932
-799968
-799944
-800248
-800380
-800204
-800160
-800148
-800044
-800016
-800404
-800408
-800216
-800304
-800432
-800372
-800556
-800552
-800628
-800584
-800580
-800660
-800688
-800664
-800864
-800860
-800868
-801232
-801228
-801280
-801344
-801284
-801356
-801372
-801500
-801344
-801392
-801524
-801624
-801576
-801552
-801608
-801552
-801492
-801548
-801444
-801400
-801668
-801564
-801592
-801676
-801628
-801572
-801764
-801756
-802260
-802208
-802208
-802036
-801912
-802044
-802048
-801972
-801876
-801964
-801852
-801940
-801876
-801712
-801728
-801900
-801964
-801884
-801796
-801752
-801748
-801688
-801768
-801820
-801976
-801860
-801864
-801996
-801976
-801908
-801840
-801844
-801720
-801640
-801588
-801416
-801504
-801512
-801600
-801560
-801540
-801712
-801684
-801560
-801552
-801392
-801368
-801156
-801144
-801112
-801056
-801072
-801036
-801004
-801024
-800796
-800756
-800764
-800664
-800572
-800540
-800476
-800472
-800456
-800364
-800376
-800600
-800660
-800688
-800664
-800624
-800728
-800844
-800740
-800464
-800424
-800220
-800180
-800144
-800108
-800076
-800092
-800072
-799960
-799968
-799824
-799772
-799668
-799644
-799664
-799684
-799732
-799612
-799712
-799396
-799448
-799448
-799544
-799396
-799240
-799216
-799148
-799072
-799064
-799172
-799176
-799196
-799148
-799088
-799088
-798760
-798560
-798744
-798796
-798640
-798792
-798632
-798840
-798760
-798864
-798876
-798768
-798928
-798896
-798824
-798592
-798472
-798524
-798360
-798292
-798292
-798256
-798152
-798152
-798100
-798356
-798352
-798320
-798292
-798312
-798356
-798272
-798212
-798288
-798492
-798576
-798436
-798332
-798296
-798204
-798584
-798792
-798676
-798732
-798676
-798696
-798640
-798400
-798608
-798512
-798820
-798868
-798928
-798860
-798760
-798736
-799024
-798960
-798980
-798972
-798956
-798828
-798920
-799020
-799012
-798936
-798976
-798944
-798864
-798904
-798556
-798492
-798512
-798508
-798652
-798628
-798452
-798336
-798356
-798560
-798540
-798400
-798412
-798340
-798376
-798076
-798144
-798104
-798236
-798336
-798436
-798504
-798204
-798240
-798380
-798216
-798504
-798408
-798340
-798336
-798368
-798324
-798292
-798468
-798520
-798560
-798680
-798544
-798628
-798604
-798596
-798576
-798572
-798572
-798384
-798316
-798212
-798108
-798152
-798180
-798208
-798368
-798504
-798496
-798632
-798520
-798672
-798600
-798628
-798508
-798616
-798444
-798352
-798352
-798308
-798332
-798332
-798300
-798308
-798364
-798364
-798512
-798336
-798456
-798432
-798428
-798404
-798396
-798444
-798372
-798324
-797988
-797892
-797984
-798076
-798268
-798188
-797988
-797872
-798000
-797960
-797820
-797900
-797904
-797820
-797928
-798004
-798160
-798036
-797968
-797956
-798088
-798120
-798092
-798208
-798264
-798368
-798216
-798152
-798200
-798212
-798352
-798320
-798020
-798072
-798068
-797980
-798064
-798068
-798100
-798028
-797964
-798284
-798436
-798500
-798472
-798724
-798564
-798468
-798512
-798724
-798712
-798896
-798712
-798644
-798748
-798904
-799056
-799020
-798964
-798912
-798784
-798848
-798804
-798628
-798660
-798644
-798468
-798428
-798412
-798288
-797952
-798064
-798096
-798324
-798316
-798204
-798324
-798336
-798340
-798324
-798312
-798356
-798400
-798432
-798416
-798212
-798296
-798020
-797932
-797888
-797936
-797864
-797908
-797876
-797988
-797932
-797936
-797932
-797956
-797948
-797828
-797808
-797660
-797824
-797748
-797824
-797852
-797944
-797924
-797788
-797624
-797652
-797492
-797632
-797464
-797548
-797424
-797384
-797360
-797148
-796992
-796960
-797068
-796996
-796796
-796892
-796808
-796960
-796972
-797100
-797204
-797168
-797276
-797576
-797676
-797508
-797536
-797492
-797576
-797528
-797616
-797716
-797760
-797712
-797748
-797828
-797968
-798016
-798000
-798004
-797892
-797920
-797848
-797912
-798060
-798156
-798112
-798188
-798280
-798168
-798000
-798012
-798024
-798284
-798176
-798156
-798096
-798096
-798248
-798228
-798204
-798156
-797816
-797960
-798036
-798036
-798188
-798144
-798148
-798328
-798420
-798396
-798356
-798344
-798556
-798544
-798416
-798356
-798460
-798420
-798372
-798208
-798128
-798220
-798128
-798220
-798260
-798228
-798208
-798252
-798232
-798244
-798148
-798248
-798368
-798268
-798340
-798540
-798556
-798540
-798560
-798504
-798540
-798760
-798748
-798772
-798648
-798756
-798812
-798612
-798600
-798588
-798548
-798500
-798512
-798476
-798396
-798632
-798688
-798648
-798580
-798516
-798412
-798380
-798480
-798576
-798724
-798692
-798680
-798720
-798788
-798828
-798928
-798760
-798660
-798936
-799072
-798992
-799068
-798900
-798828
-798908
-798768
-798660
-798612
-798612
-798596
-798420
-798564
-798648
-798544
-798568
-798720
-798696
-798740
-798892
-799072
-799056
-798984
-798976
-798996
-798972
-799172
-799144
-799368
-799196
-799256
-799340
-799220
-799192
-799284
-799224
-799328
-799140
-799092
-798944
-799044
-799232
-799276
-799308
-799308
-799196
-799280
-799324
-799396
-799636
-799540
-799452
-799544
-799588
-799372
-799336
-799456
-799428
-799460
-799544
-799600
-799612
-799584
-799536
-799628
-799628
-799560
-799676
-799432
-799376
-799188
-799088
-799032
-799136
-799160
-799024
-799180
-799236
-799288
-799240
-799192
-799116
-799044
-799220
-799264
-799332
-799320
-799256
-799280
-799140
-799008
-798800
-798864
-798752
-798680
-798672
-798784
-798680
-798628
-798484
-798392
-798396
-798504
-798592
-798572
-798644
-798656
-798660
-798604
-798572
-798320
-798328
-798568
-798640
-798740
-798716
-798632
-798668
-798724
-798532
-798356
-798352
-798392
-798608
-798612
-798432
-798360
-798388
-798320
-798160
-798204
-798168
-798144
-798176
-798152
-798156
-797836
-797900
-798104
-798044
-798104
-798172
-798188
-798144
-798124
-798084
-798168
-798048
-798068
-797976
-797808
-797680
-797812
-797860
-797720
-797788
-797884
-797816
-797716
-797592
-797792
-797772
-797756
-797700
-797968
-798100
-798176
-798204
-798100
-798076
-798192
-798268
-798164
-798044
-798204
-798164
-798176
-798148
-798184
-798228
-798028
-797952
-798056
-797984
-797944
-798068
-798032
-798012
-798016
-797936
-797816
-797964
-798328
-798332
-798220
-797776
-797880
-798032
-798204
-798140
-798160
-798316
-798404
-798420
-798396
-798448
-798776
-798728
-798464
-798360
-798304
-798204
-798292
-798460
-798356
-798340
-798304
-798336
-798240
-798256
-798132
-798224
-798172
-798176
-798152
-798184
-798220
-798448
-798480
-798460
-798536
-798584
-798540
-798552
-798656
-798728
-798868
-798752
-798768
-798840
-798896
-798804
-798948
-798976
-798968
-799020
-798988
-798860
-798872
-798996
-798984
-799024
-798952
-799044
-798948
-799084
-799076
-799092
-799016
-798984
-798988
-799008
-799136
-799252
-799284
-799304
-799276
-799228
-799192
-799284
-799172
-799332
-799372
-799552
-799676
-799712
-799752
-799944
-800228
-800192
-799852
-799844
-799712
-799388
-799736
-799736
-799732
-799648
-799548
-799624
-799844
-799956
-799976
-800032
-800072
-799904
-799904
-799812
-799700
-799684
-799616
-799576
-799480
-799336
-799364
-799416
-799292
-799336
-799252
-799292
-799356
-799200
-799052
-799088
-799268
-799280
-799344
-799376
-799380
-799368
-799376
-799284
-799328
-799108
-799168
-799212
-799180
-799120
-798972
-798912
-799004
-798960
-799000
-799072
-798972
-799060
-798984
-799032
-799104
-799208
-799176
-799216
-799256
-799364
-799680
-799656
-799772
-799640
-799416
-799556
-799468
-799532
-799572
-799744
-799660
-799632
-799596
-799720
-799656
-799692
-799712
-799752
-799832
-799764
-799832
-800032
-799960
-799864
-799920
-799940
-800160
-800064
-800196
-800196
-800164
-800228
-800280
-800484
-800476
-800360
-800576
-800432
-800384
-800048
-799860
-800008
-800152
-800180
-800176
-800104
-800108
-800144
-800084
-800080
-800140
-800152
-800100
-800128
-800096
-800136
-800276
-800328
-800232
-800368
-800428
-800388
-800376
-800568
-800492
-800656
-800704
-800716
-800728
-800696
-800540
-800544
-800504
-800408
-800212
-800068
-800004
-800020
-799980
-800008
-800044
-800072
-799936
-800016
-800092
-800108
-800100
-800036
-800092
-799900
-799912
-799984
-799956
-799956
-799680
-799660
-799772
-799708
-799704
-799668
-799644
-799576
-799512
-799484
-799400
-799268
-799236
-799480
-799496
-799528
-799532
-799848
-799904
-799972
-800080
-799988
-799892
-799912
-799856
-799816
-799660
-799524
-799632
-799644
-799624
-799484
-799400
-799376
-799344
-799280
-799100
-799172
-799096
-799224
-799156
-799180
-799184
-799104
-799088
-799168
-799128
-799212
-799280
-799312
-799204
-799148
-799200
-799168
-799084
-799124
-799132
-799244
-799280
-799164
-798936
-798912
-798908
-798876
-798976
-798992
-798996
-799028
-798980
-799184
-799088
-799152
-799024
-798932
-798792
-798676
-798684
-798504
-798712
-798572
-798636
-798540
-798456
-798424
-798568
-798444
-798496
-798256
-798348
-798288
-798284
-798320
-798468
-798480
-798456
-798552
-798420
-798408
-798452
-798496
-798660
-798568
-798644
-798812
-798708
-798652
-798728
-798660
-798764
-798824
-798836
-798836
-798772
-798672
-798680
-798640
-798596
-798732
-798872
-798912
-798908
-798920
-798788
-798644
-798796
-798936
-798932
-799100
-799000
-798872
-798848
-798748
-798684
-798552
-798440
-798468
-798432
-798408
-798308
-798184
-798060
-798112
-798220
-797960
-797980
-798248
-798168
-798360
-798320
-798276
-798328
-798424
-798544
-798552
-798644
-798576
-798448
-798316
-798236
-798156
-798204
-798316
-798136
-798076
-798072
-797960
-798088
-798088
-797884
-797784
-797964
-798052
-798112
-798208
-798020
-798004
-797944
-797980
-798048
-798032
-797924
-797924
-797968
-797948
-797904
-797776
-797756
-797796
-797772
-797716
-797660
-797680
-797592
-797524
-797504
-797632
-797620
-797744
-797560
-797464
-797400
-797356
-797412
-797204
-797156
-796984
-796856
-796796
-796744
-796632
-796660
-796668
-796700
-796720
-796736
-796540
-796428
-796332
-796472
-796612
-796676
-796492
-796468
-796524
-796516
-796460
-796452
-796592
-796492
-796456
-796388
-796372
-796392
-796276
-796328
-796376
-796244
-796312
-796156
-796580
-796684
-796972
-796944
-796952
-797064
-797164
-797124
-797184
-797188
-797224
-797084
-797112
-797040
-797020
-797180
-797048
-797048
-797092
-797288
-797368
-797524
-797480
-797588
-797560
-797692
-797492
-797548
-797612
-797892
-798048
-798236
-798204
-798404
-798696
-798692
-798520
-798480
-798440
-798172
-798236
-798276
-798380
-798516
-798492
-798520
-798492
-798404
-798384
-798388
-798496
-798532
-798616
-798640
-798448
-798376
-798512
-798520
-798624
-798608
-798488
-798516
-798576
-798540
-798536
-798568
-798464
-798304
-798488
-798428
-798416
-798460
-798556
-798696
-798716
-798304
-798344
-798408
-798428
-798388
-798236
-798204
-798084
-798140
-798236
-798376
-798380
-798424
-798472
-798376
-798500
-798480
-798504
-798508
-798556
-798500
-798552
-798500
-798480
-798504
-798380
-798364
-798440
-798528
-798520
-798528
-798504
-798392
-798332
-798192
-798072
-797988
-798148
-798156
-797996
-798204
-798156
-798176
-798060
-797996
-797832
-797784
-797848
-797736
-797804
-797872
-797852
-797808
-797780
-797636
-797576
-797764
-797780
-797884
-797928
-798088
-798096
-797964
-798040
-798064
-798092
-798132
-798176
-798228
-798140
-798236
-798120
-798028
-797836
-797944
-797936
-797996
-798068
-798180
-798164
-798212
-798144
-798084
-798000
-797980
-798088
-798184
-798168
-798156
-798080
-798068
-798052
-798076
-798064
-798144
-798172
-798160
-798348
-798412
-798472
-798580
-798748
-798752
-798776
-798504
-798552
-798572
-798500
-798448
-798600
-798660
-798672
-798692
-798560
-798524
-798440
-798512
-798320
-798268
-798448
-798580
-798492
-798396
-798400
-798328
-798412
-798148
-798136
-797992
-798148
-798160
-798096
-797968
-798100
-798080
-797948
-798016
-797988
-798096
-798192
-798112
-798092
-798072
-798120
-798064
-798380
-798436
-798616
-798748
-798800
-798696
-798568
-798524
-798452
-798400
-798512
-798520
-798712
-798684
-798704
-798772
-798984
-799052
-799060
-799124
-799200
-799268
-799208
-799208
-799228
-799240
-799208
-799024
-799180
-799040
-799180
-799096
-799092
-799144
-799012
-799052
-799168
-799072
-799228
-799148
-799264
-799168
-799144
-799136
-799064
-799096
-799112
-799076
-799036
-798992
-799304
-799288
-799324
-799148
-799468
-799472
-799496
-799508
-799492
-799532
-799392
-799368
-799448
-799440
-799476
-799164
-799264
-799304
-799244
-799312
-799308
-799336
-799264
-799284
-799160
-799292
-799216
-799236
-799288
-799208
-799216
-799304
-799076
-798960
-798832
-798884
-799084
-799024
-798988
-799016
-798956
-798980
-798924
-798964
-799052
-798956
-799220
-799260
-799296
-799328
-799368
-799308
-799412
-799244
-799380
-799388
-799264
-799324
-799416
-799428
-799492
-799480
-799452
-799428
-799636
-799700
-799888
-799904
-800256
-800344
-800320
-800124
-800028
-799944
-799920
-800036
-800412
-800516
-800624
-800688
-800692
-800592
-800536
-800592
-800604
-800540
-800480
-800568
-800740
-800840
-800860
-800724
-800780
-800792
-800884
-800908
-800624
-800600
-800560
-800492
-800536
-800588
-800784
-800968
-800596
-800636
-800704
-800600
-800736
-800756
-800680
-800824
-800852
-800740
-800848
-800892
-800952
-801152
-801132
-801060
-801276
-801232
-801128
-800924
-801088
-801084
-801148
-801108
-801120
-800972
-801028
-801036
-800932
-800940
-800788
-800680
-800720
-800748
-800996
-801056
-801120
-801204
-801132
-801016
-801028
-801012
-801072
-801100
-801148
-801028
-800932
-801132
-801140
-801224
-801184
-801048
-800724
-800700
-800340
-800272
-800288
-800296
-800328
-800416
-800284
-800192
-800492
-800480
-800440
-800288
-800336
-800264
-800196
-800224
-800156
-800336
-800396
-800452
-800380
-800324
-800336
-800340
-800392
-800524
-800512
-800548
-800468
-800308
-800176
-800256
-800148
-799984
-800052
-800040
-800052
-799992
-799916
-800080
-800216
-800264
-800064
-800004
-800112
-800140
-800188
-800220
-800360
-800548
-800516
-800524
-800544
-800556
-800432
-800444
-800348
-800468
-800368
-800400
-800360
-800396
-800200
-800428
-800296
-800392
-800396
-800324
-800416
-800472
-800564
-800556
-800528
-800588
-800532
-800432
-800436
-800412
-800512
-800584
-800564
-800584
-800772
-800768
-800740
-800652
-800680
-800704
-800600
-800704
-800660
-800684
-800680
-800712
-800668
-800400
-800800
-800732
-800824
-800700
-800516
-800568
-800588
-800748
-800680
-800832
-800796
-800816
-800728
-800748
-800844
-800788
-800724
-800640
-800576
-800516
-800536
-800464
-800508
-800544
-800580
-800488
-800652
-800612
-800644
-800804
-800820
-800744
-800740
-800784
-800720
-800688
-800780
-800804
-801016
-801048
-801100
-801092
-801008
-801032
-801168
-801168
-801064
-800948
-800864
-800692
-800700
-800804
-800812
-800880
-800852
-800816
-800656
-800500
-800348
-800160
-799992
-800000
-800060
-800100
-800060
-800012
-799960
-800008
-800052
-799960
-799988
-800048
-800180
-800148
-800140
-800168
-800404
-800512
-800388
-800456
-800312
-800280
-800276
-800284
-800360
-800628
-800576
-800524
-800496
-800416
-800604
-800820
-800824
-800936
-801044
-801040
-801100
-800972
-800924
-800884
-800868
-800832
-800936
-800964
-800836
-800892
-800936
-801116
-801012
-800964
-801040
-800948
-800880
-800860
-800876
-801024
-801044
-801104
-801004
-801004
-801000
-801072
-800832
-800844
-800748
-800752
-800808
-800804
-800872
-800780
-800796
-800784
-800888
-800888
-800824
-800948
-801036
-800920
-800812
-800788
-800956
-801072
-801172
-801200
-801152
-800860
-801140
-801160
-801292
-801292
-800996
-800720
-800832
-800840
-800896
-800936
-800936
-800908
-800796
-800684
-800708
-800696
-800788
-800792
-800552
-800512
-800492
-800480
-800504
-800424
-800464
-800456
-800380
-800312
-800224
-800012
-799908
-799844
-799812
-799724
-799736
-799864
-799668
-799724
-799780
-799704
-799756
-799740
-799680
-799696
-799692
-799876
-799852
-799808
-799836
-799784
-799816
-799820
-799792
-800008
-799784
-799680
-799780
-799888
-799960
-800048
-800012
-799920
-800008
-800000
-799892
-799868
-799888
-799936
-799804
-799812
-799680
-799656
-799652
-799580
-799336
-799396
-799532
-799688
-799832
-799828
-799660
-799672
-799584
-799720
-799716
-799564
-799732
-799888
-799732
-799664
-799696
-799700
-799612
-799684
-799608
-799576
-799632
-799632
-799696
-799680
-799596
-799508
-799548
-799384
-799332
-799200
-799088
-799048
-799008
-799036
-799024
-798940
-798904
-798972
-799184
-799304
-799356
-799384
-799288
-799212
-799248
-799164
-799220
-799172
-799124
-799280
-799148
-799076
-799004
-799004
-799080
-799136
-799124
-799136
-799056
-798928
-799068
-799076
-799204
-799272
-799228
-799236
-799116
-799304
-799348
-799420
-799368
-798976
-798932
-798828
-798884
-798780
-798880
-798688
-798836
-798764
-798764
-798628
-798708
-798812
-798752
-798776
-798756
-798892
-798936
-798952
-798944
-798844
-799100
-799028
-799536
-799356
-799400
-799388
-799400
-799244
-799136
-799204
-799184
-799132
-799164
-799164
-799032
-798804
-798832
-798932
-798968
-799008
-798768
-798736
-798712
-798448
-798332
-798428
-798616
-798724
-798796
-798664
-798572
-798476
-798364
-798260
-798356
-798220
-798304
-798164
-798224
-797968
-798104
-797956
-798064
-798036
-798072
-798080
-797828
-797692
-797780
-797760
-797644
-797548
-797716
-797740
-797728
-797668
-797868
-797712
-797748
-797712
-797772
-797764
-797684
-797844
-797836
-797692
-797672
-797672
-797616
-797616
-797900
-797992
-797888
-797980
-798164
-798236
-798328
-798312
-798256
-798108
-798224
-798176
-798260
-798196
-798048
-798116
-798260
-798304
-798312
-798236
-798300
-798312
-798404
-798336
-798204
-798160
-798068
-798028
-797920
-797872
-797916
-798052
-798060
-798036
-797956
-798016
-797964
-797944
-798032
-798012
-798144
-798244
-798184
-798196
-798032
-798092
-798220
-798184
-798324
-798380
-798288
-798288
-798408
-798484
-798660
-798744
-798668
-798680
-798680
-798792
-798724
-798652
-798728
-798700
-798592
-798720
-798692
-798744
-798632
-798696
-798816
-798816
-798712
-798712
-798812
-798872
-798968
-798868
-798952
-798968
-798744
-798824
-798904
-799088
-799096
-799108
-799084
-799328
-799280
-799300
-799208
-799392
-799284
-799176
-799100
-799020
-799012
-799220
-798812
-798568
-798716
-798664
-798696
-798748
-798868
-799132
-799124
-799068
-799148
-799204
-799272
-799320
-799256
-799300
-799304
-799348
-799448
-799516
-799444
-799576
-799668
-799700
-799808
-799832
-799760
-799680
-799748
-799680
-799804
-799764
-799896
-799840
-799800
-799728
-800036
-799976
-799880
-799756
-799696
-799632
-799404
-799308
-799324
-799248
-799244
-799308
-799276
-799428
-799628
-799520
-799552
-799396
-799160
-799072
-799320
-799420
-799372
-799468
-799776
-799928
-799944
-799964
-799976
-800100
-799944
-799920
-799808
-799848
-799856
-799896
-799816
-799608
-799612
-799500
-799332
-799432
-799320
-799072
-799248
-799248
-799212
-799120
-799048
-799020
-798908
-798976
-798972
-798964
-799196
-799256
-799412
-799692
-799560
-799568
-799684
-799724
-799896
-799920
-799988
-800084
-800196
-800132
-800208
-800208
-800340
-800328
-800280
-800264
-800300
-800380
-800368
-800308
-800112
-800248
-800100
-800088
-799964
-799960
-799992
-800176
-800072
-799932
-799912
-799976
-800064
-799932
-799972
-800048
-799956
-799868
-799752
-799936
-799920
-799868
-799772
-799804
-799704
-799744
-799864
-799792
-799788
-799716
-799728
-799788
-799752
-799680
-799552
-799472
-799568
-799504
-799568
-799384
-799276
-799236
-799228
-799260
-799288
-799304
-799288
-799316
-799168
-799212
-799264
-799244
-799144
-799096
-799008
-799092
-799024
-799100
-799260
-799192
-799340
-799424
-799536
-799324
-799368
-799512
-799504
-799440
-799464
-799500
-799600
-799556
-799572
-799560
-799604
-799620
-799704
-799608
-799660
-799444
-799392
-799436
-799384
-799276
-799368
-799484
-799448
-799472
-799256
-799168
-798984
-798984
-799208
-799200
-799152
-799124
-799232
-799220
-799312
-799348
-799408
-799416
-799372
-799468
-799472
-799536
-799708
-799620
-799688
-799648
-799752
-799816
-799724
-799844
-799844
-799832
-799856
-799900
-799872
-799872
-799944
-799964
-799616
-799548
-799516
-799660
-799800
-799920
-799872
-799772
-799724
-799656
-799652
-799672
-799796
-799724
-799832
-799900
-799972
-799928
-799848
-799832
-799776
-799776
-799784
-799880
-800136
-800144
-800160
-800152
-800088
-800080
-800112
-800288
-800572
-800568
-800608
-800516
-800420
-800624
-800684
-800748
-800784
-800664
-800708
-800572
-800604
-800276
-800192
-800116
-800100
-800088
-799968
-799996
-800036
-799876
-800012
-800116
-800152
-800168
-800236
-800236
-800188
-800260
-800260
-800156
-800196
-800228
-800152
-800116
-800080
-800240
-800168
-800352
-800220
-800164
-800196
-800136
-800088
-800052
-799960
-800048
-799912
-800172
-800248
-800164
-800112
-800056
-800204
-800160
-800144
-800196
-800196
-800032
-800056
-800060
-800220
-800296
-800448
-800376
-800508
-800632
-800684
-800700
-800636
-800616
-800556
-800464
-800452
-800468
-800408
-800504
-800296
-800108
-800136
-800240
-800124
-800120
-800012
-800004
-799824
-799980
-800044
-800044
-800180
-800212
-800192
-800296
-800136
-800272
-800336
-800420
-800468
-800576
-800428
-800404
-800416
-800360
-800328
-800256
-800332
-800384
-800428
-800356
-800380
-800448
-800484
-800484
-800500
-800552
-800472
-800476
-800520
-800624
-800576
-800696
-800780
-800624
-800604
-800544
-800444
-800540
-800668
-800632
-800700
-800760
-800740
-800704
-800656
-800684
-800624
-800572
-800416
-800548
-800616
-800624
-800696
-800348
-800424
-800380
-800240
-800152
-800212
-800248
-800392
-800532
-800576
-800480
-800496
-800596
-800580
-800560
-800668
-800688
-800736
-800796
-800676
-800616
-800536
-800384
-800388
-800420
-800528
-800512
-800496
-800672
-800628
-800696
-800756
-800776
-800828
-800668
-800668
-801108
-801032
-801000
-801124
-800916
-800884
-800932
-800784
-800640
-800672
-800748
-800896
-800960
-801044
-801092
-801036
-801060
-800828
-800860
-800712
-800660
-800632
-800600
-800508
-800552
-800560
-800688
-800620
-800668
-800760
-800688
-800492
-800336
-800356
-800264
-800372
-800388
-800332
-800200
-800276
-800444
-800476
-800560
-800372
-800396
-800344
-800400
-800424
-800324
-800484
-800384
-800344
-800224
-800160
-800148
-800092
-800044
-799840
-799780
-799604
-799684
-799560
-799476
-799600
-799556
-799528
-799496
-799508
-799404
-799384
-799548
-799676
-799656
-799520
-799584
-799492
-799316
-799168
-799172
-799036
-799152
-799132
-799320
-799428
-799252
-799300
-799444
-799424
-799396
-799488
-799524
-799492
-799536
-799488
-799608
-799732
-799732
-799780
-799912
-799772
-799820
-799760
-799672
-799684
-799800
-799796
-799792
-799720
-799700
-799772
-799724
-799856
-799756
-799836
-799856
-799900
-799820
-799716
-799680
-799708
-799448
-799540
-799588
-799552
-799512
-799480
-799376
-799344
-799500
-799556
-799432
-799320
-799272
-799260
-799200
-799052
-799072
-799080
-799008
-799044
-798884
-798864
-798800
-798764
-798800
-798772
-798820
-799064
-799016
-799104
-799396
-799620
-799740
-799664
-799748
-799752
-799652
-799576
-799436
-799528
-799456
-799620
-799544
-799596
-799600
-799752
-799744
-799596
-799652
-799644
-799792
-799764
-799700
-799676
-799632
-799652
-799840
-799936
-799952
-799864
-799856
-799964
-799888
-799916
-799968
-800148
-800088
-800088
-800120
-800212
-800128
-800016
-800156
-800064
-799792
-799668
-799700
-799460
-799500
-799512
-799464
-799588
-799560
-799556
-799636
-799456
-799352
-799376
-799080
-799048
-798988
-799040
-798900
-798924
-798968
-799132
-799288
-799224
-799224
-799372
-799472
-799548
-799484
-799604
-799568
-799396
-799352
-799136
-798936
-798924
-798968
-798976
-798960
-798952
-799220
-799308
-799316
-799444
-799552
-799460
-799696
-799660
-799616
-799620
-799628
-799796
-799804
-799772
-799888
-799928
-800096
-800060
-800080
-800016
-799924
-799888
-800120
-800132
-800176
-800072
-800220
-799932
-800036
-799976
-800024
-800068
-800132
-800144
-800240
-800200
-800220
-800188
-800088
-799968
-800096
-800068
-800004
-800144
-800080
-800068
-800180
-800264
-800240
-800300
-800300
-800236
-800204
-799976
-799956
-800032
-800012
-800024
-800056
-800084
-800124
-800108
-800256
-800264
-800248
-800212
-800188
-800148
-800192
-799932
-799872
-799888
-800052
-799976
-800024
-800004
-800212
-800480
-800616
-800740
-800840
-800748
-800744
-800744
-800732
-800768
-800860
-800844
-800912
-800820
-800744
-800600
-800592
-800520
-800544
-800844
-800672
-800608
-800420
-800308
-800052
-800076
-799964
-799988
-799840
-799980
-799916
-799972
-799944
-799852
-799616
-799596
-799828
-799876
-799880
-800036
-800104
-799984
-800068
-800088
-799992
-799992
-800000
-800112
-800132
-799932
-800092
-800140
-800184
-800272
-800208
-800236
-800244
-800340
-800592
-800676
-800516
-800620
-800636
-800504
-800380
-800280
-800164
-800248
-800136
-800104
-800128
-800256
-800208
-800384
-800368
-800484
-800444
-800436
-800292
-800312
-800264
-800232
-800228
-800344
-800112
-800052
-799924
-800008
-799996
-799908
-799732
-799556
-799592
-799760
-799900
-799960
-800012
-799988
-800152
-800136
-800168
-800196
-800352
-800228
-800224
-800192
-800180
-800076
-800104
-800120
-800052
-800116
-800288
-800420
-800304
-800176
-800188
-800048
-800084
-800008
-800048
-799984
-800140
-799808
-799808
-799844
-799864
-799944
-799972
-799820
-799760
-800088
-800136
-800044
-800016
-800028
-799976
-799824
-799660
-799536
-799496
-799344
-799404
-799448
-799532
-799472
-799608
-799652
-799844
-800008
-800208
-800216
-800064
-800180
-800192
-800280
-800220
-800308
-800312
-800456
-800508
-800504
-800480
-800432
-800248
-800420
-800496
-800284
-800192
-800128
-800016
-800212
-800408
-800656
-800656
-800692
-800704
-800716
-800832
-800800
-800776
-800496
-800488
-800160
-800092
-800036
-800068
-800176
-800200
-800236
-800272
-800196
-800208
-800104
-800100
-799980
-799908
-799872
-799700
-799724
-799892
-800000
-800196
-800040
-800184
-800332
-800240
-800376
-800392
-800396
-800380
-800344
-800300
-800384
-800308
-800116
-799920
-800064
-800008
-799992
-800004
-800036
-800052
-799932
-799940
-799980
-800156
-800236
-800192
-800200
-799992
-799948
-799848
-800012
-800060
-800132
-800168
-800056
-799972
-799996
-800000
-799900
-800016
-799924
-799872
-799872
-799912
-799996
-800096
-800104
-800216
-800020
-800096
-799924
-800068
-800028
-799772
-799596
-799756
-799724
-799616
-799812
-799948
-799896
-799948
-800068
-800104
-800112
-800080
-800136
-800156
-800216
-800104
-800068
-800048
-799968
-799972
-800076
-800136
-800148
-800144
-800232
-800368
-800264
-800208
-800472
-800488
-800616
-800536
-800484
-800364
-800388
-800352
-800460
-800420
-800488
-800528
-800468
-800568
-800620
-800836
-800796
-800756
-800840
-801092
-801140
-801252
-801348
-801324
-801280
-801256
-801256
-801276
-801292
-800992
-800828
-800964
-800972
-801160
-800960
-800880
-800760
-800852
-800776
-800640
-800472
-800376
-800320
-800304
-800200
-800088
-800052
-800100
-800160
-800132
-800128
-800072
-799992
-799860
-799928
-799940
-799904
-799920
-799812
-799832
-799820
-799732
-799744
-799640
-799676
-799732
-799744
-799704
-799712
-799732
-799620
-799508
-799556
-799456
-799448
-799348
-799236
-799452
-799552
-799608
-799768
-799828
-799804
-799876
-799904
-799852
-799964
-799932
-799888
-799664
-799576
-799556
-799608
-799636
-799692
-799612
-799616
-799540
-799480
-799472
-799516
-799252
-799264
-799284
-799168
-799188
-799148
-799268
-799224
-799268
-799408
-799368
-799416
-799412
-799332
-799340
-799300
-799344
-799228
-799004
-798784
-798708
-798696
-798492
-798480
-798756
-798684
-798636
-798528
-798620
-798436
-798308
-798492
-798612
-798636
-798564
-798564
-798564
-798468
-798408
-798480
-798260
-798172
-798128
-798144
-798108
-797996
-798160
-798116
-798192
-798216
-798356
-798432
-798312
-798232
-798304
-798240
-798020
-798040
-798044
-797932
-797812
-797840
-797660
-797688
-797784
-797876
-797780
-797776
-797768
-797896
-797956
-798048
-798056
-798220
-798224
-798344
-798584
-798700
-798776
-798656
-798604
-798804
-798616
-798456
-798324
-798296
-798204
-798276
-798456
-798340
-798296
-798288
-798212
-798280
-798172
-798056
-798020
-797944
-797848
-797860
-797860
-797908
-797980
-798160
-798200
-798208
-798148
-798248
-798252
-798388
-798340
-798268
-798344
-798428
-798504
-798484
-798316
-798332
-798456
-798300
-798312
-798308
-798188
-798396
-798108
-798136
-798116
-798200
-798240
-798304
-798244
-798084
-798248
-798176
-798152
-798152
-798272
-798180
-798236
-798112
-798116
-798068
-797936
-798072
-798028
-797976
-797912
-797796
-797812
-797884
-797728
-797780
-797824
-797864
-797908
-797860
-797848
-798020
-797996
-797920
-797848
-797848
-797692
-797652
-797656
-797400
-797464
-797500
-797468
-797508
-797564
-797520
-797496
-797508
-797488
-797460
-797404
-797344
-797492
-797392
-797396
-797140
-797144
-797320
-797380
-797440
-797320
-797272
-797264
-797132
-797052
-797088
-797156
-797104
-797632
-797616
-797432
-797360
-797208
-797320
-797352
-797292
-797336
-797364
-797300
-797320
-797280
-797308
-797332
-797380
-797128
-797108
-797116
-797288
-797184
-797220
-797236
-797272
-797276
-797412
-797492
-797424
-797424
-797624
-797772
-797776
-797760
-797740
-797964
-797792
-797884
-797864
-797952
-797784
-797672
-797732
-797820
-797916
-797988
-797972
-797920
-797968
-797844
-797964
-797912
-797884
-797808
-797820
-797376
-797296
-797424
-797732
-797728
-797648
-797556
-797564
-797380
-797412
-797556
-797532
-797440
-797400
-797276
-797280
-797328
-797476
-797480
-797452
-797300
-797200
-797044
-797016
-796888
-796996
-796968
-796928
-797012
-796924
-797140
-797284
-797336
-797304
-797372
-797264
-797180
-797228
-797320
-797368
-797384
-797368
-797408
-797648
-797668
-797696
-797896
-797788
-797424
-797104
-797248
-797436
-797512
-797488
-797468
-797468
-797460
-797592
-797688
-797680
-797756
-797560
-797428
-797500
-797440
-797440
-797356
-797484
-797352
-797252
-797200
-797248
-797028
-797212
-797320
-797236
-797232
-797116
-797360
-797280
-797236
-797344
-797200
-797228
-797440
-797360
-797484
-797460
-797400
-797280
-797032
-797176
-797208
-797308
-797260
-797376
-797468
-797344
-797236
-797240
-797388
-797544
-797516
-797592
-797628
-797656
-797592
-797468
-797624
-797796
-797872
-797768
-797508
-797404
-797408
-797164
-797156
-796964
-796996
-796888
-796944
-797164
-797152
-797124
-797212
-797316
-797324
-797264
-797220
-797240
-796932
-797152
-797144
-797080
-796956
-796992
-797056
-797132
-797028
-796936
-797012
-797012
-796860
-796736
-796680
-796556
-796520
-796656
-796528
-796516
-796452
-796292
-796208
-796184
-796216
-796100
-796260
-796168
-796220
-796188
-796156
-796192
-796160
-795856
-796036
-796032
-796132
-795952
-795956
-796004
-795936
-795968
-795920
-795828
-795992
-796012
-796016
-795920
-796096
-796280
-796276
-796384
-796452
-796364
-796328
-796456
-796504
-796584
-796588
-796620
-796736
-796864
-796952
-796724
-796744
-796720
-796700
-796780
-796764
-796784
-796844
-796876
-796816
-796748
-796880
-797032
-796788
-796816
-796876
-796908
-796964
-797136
-797096
-797200
-797140
-797124
-797216
-797112
-797140
-797252
-797336
-797356
-797260
-797320
-797348
-797392
-797336
-797300
-797240
-797360
-797336
-797616
-797540
-797500
-797552
-797580
-797684
-797820
-797640
-797608
-797436
-797388
-797520
-797432
-797432
-797436
-797396
-797296
-797340
-797240
-797096
-797176
-797176
-797216
-797176
-797084
-797072
-797080
-797020
-797052
-797132
-797216
-797332
-797192
-797216
-797072
-796996
-796924
-796800
-796824
-796616
-796560
-796624
-796732
-796932
-796964
-796812
-796708
-796732
-796732
-796804
-796752
-796552
-796448
-796392
-796540
-796504
-796352
-796400
-796420
-796428
-796540
-796608
-796632
-796676
-796288
-796232
-796156
-796044
-795904
-795900
-795816
-795764
-795800
-795900
-795920
-795860
-795888
-795852
-795724
-795752
-795720
-795724
-795696
-795620
-795448
-795516
-795580
-795564
-795692
-795548
-795340
-795416
-795480
-795608
-795620
-795596
-795712
-795668
-795688
-795348
-795704
-795752
-795656
-795692
-795508
-795768
-795744
-795724
-795692
-795740
-795664
-795608
-795652
-795596
-795600
-795564
-795488
-795420
-795396
-795388
-795388
-795416
-795364
-795332
-795484
-795528
-795600
-795588
-795648
-795604
-795584
-795704
-795724
-795988
-796036
-796052
-795916
-795792
-795820
-795940
-795932
-795876
-795728
-795820
-795900
-795860
-795888
-795908
-795976
-795948
-795904
-795760
-795828
-795996
-796152
-795932
-796040
-795996
-796040
-796024
-796116
-796164
-796116
-796160
-796128
-795996
-795908
-795872
-795804
-795980
-795884
-796096
-795960
-796124
-796200
-796236
-796296
-796324
-796368
-796364
-796324
-796388
-796388
-796488
-796492
-796540
-796516
-796548
-796388
-796484
-796608
-796556
-796464
-796456
-796504
-796452
-796392
-796464
-796444
-796532
-796456
-796232
-796348
-796336
-796332
-796344
-796388
-796268
-796440
-796420
-796444
-796240
-796316
-796372
-796408
-796404
-796420
-796420
-796244
-796304
-796276
-796356
-796320
-796336
-796284
-796356
-796328
-796468
-796628
-796508
-796544
-796664
-796920
-796908
-796648
-796624
-796792
-796752
-796680
-796508
-796668
-796580
-796544
-796596
-796708
-796800
-796748
-796800
-796904
-796912
-796904
-796940
-797032
-797188
-797248
-797492
-797348
-797304
-797176
-797040
-796980
-796896
-796752
-796964
-796924
-796928
-796880
-796876
-796896
-796836
-796712
-796696
-796640
-796744
-796572
-796544
-796568
-796612
-796804
-796780
-796864
-796728
-796616
-796628
-796652
-796708
-796724
-796764
-796800
-796796
-796696
-796784
-796696
-796704
-796848
-796880
-796956
-796940
-796896
-796996
-796984
-796984
-797020
-796988
-796944
-796888
-797036
-797128
-797308
-796992
-797084
-797008
-797008
-796960
-796872
-796840
-796484
-796580
-796596
-796504
-796412
-796592
-796480
-796332
-796312
-796156
-796200
-796192
-796064
-796016
-796024
-795884
-796044
-795920
-795784
-795716
-795784
-795644
-795656
-795704
-795720
-795740
-795732
-795604
-795652
-795616
-795492
-795368
-795344
-795336
-795396
-795584
-795608
-795864
-796196
-796176
-796264
-796128
-796068
-796172
-796156
-796236
-796364
-796308
-796356
-796416
-796408
-796296
-796488
-796328
-796496
-796540
-796516
-796576
-796608
-796576
-796420
-796364
-796460
-796520
-796644
-796724
-796840
-797332
-797360
-797328
-797328
-797568
-797604
-797652
-797604
-797624
-797660
-797764
-797976
-797892
-797824
-797768
-797636
-797616
-797548
-797564
-797688
-797680
-797692
-797576
-797520
-797692
-797760
-798000
-797992
-798000
-797976
-797868
-797920
-797940
-798100
-798160
-798176
-798208
-798184
-798268
-798128
-798100
-798060
-798188
-798200
-797924
-798004
-797972
-798280
-798328
-798368
-798200
-798196
-798200
-798292
-798284
-798124
-798192
-798232
-798108
-798020
-798012
-797924
-797860
-798040
-798004
-797976
-798064
-798040
-798224
-798212
-798300
-798292
-798284
-798232
-798324
-798240
-798360
-798428
-798440
-798476
-798648
-798712
-798676
-798612
-798724
-798596
-798664
-798740
-798732
-798752
-798864
-799032
-798932
-799000
-799040
-799012
-799164
-799008
-799024
-798968
-798980
-798956
-798908
-798928
-798848
-798888
-798928
-799104
-798956
-798888
-798968
-799080
-798884
-798728
-798544
-798596
-798568
-798544
-798652
-798724
-798708
-798784
-799048
-798944
-798960
-798928
-798832
-798884
-798860
-798812
-798744
-798664
-798716
-798440
-798560
-798612
-798516
-798376
-798456
-798536
-798428
-798220
-798208
-798272
-798176
-798164
-798220
-798188
-798224
-798380
-798264
-798280
-798200
-798136
-798260
-798352
-798368
-798304
-798472
-798576
-798540
-798712
-798704
-798740
-798660
-798744
-798588
-798612
-798536
-798520
-798520
-798516
-798408
-798632
-798560
-798908
-798948
-798852
-798944
-799036
-799000
-799084
-799100
-799012
-799008
-798992
-799380
-799256
-799444
-799408
-799312
-799356
-799244
-799276
-799008
-799096
-799224
-799104
-798920
-798776
-798756
-798732
-798824
-798864
-798728
-798700
-798684
-798736
-798636
-798660
-798644
-798636
-798800
-798920
-799000
-799032
-798992
-799004
-799164
-799380
-799152
-799096
-799140
-799208
-799392
-799372
-799388
-799460
-799660
-799752
-799884
-799796
-799660
-799644
-799632
-799772
-799612
-799576
-799604
-799688
-799728
-799844
-799820
-799752
-799712
-799728
-799736
-799808
-799864
-800020
-800008
-800068
-799944
-799692
-799848
-799800
-799740
-799820
-799668
-799544
-799708
-799868
-799892
-799904
-800012
-799948
-799652
-799692
-799620
-799728
-799660
-799688
-799564
-799608
-799712
-799788
-799616
-799660
-799872
-799772
-799852
-799884
-799892
-799920
-799920
-800072
-800204
-800248
-800220
-800040
-799636
-799656
-799712
-799672
-799676
-799492
-799392
-799412
-799360
-799436
-799552
-799552
-799556
-799552
-799484
-799408
-799200
-799448
-799460
-799556
-799632
-799600
-799628
-799812
-799728
-799648
-799672
-799752
-799948
-799944
-799804
-799684
-799588
-799728
-799760
-799908
-799788
-799400
-799412
-799452
-799308
-799400
-799408
-799596
-799388
-799392
-799432
-799368
-799328
-799184
-799112
-799220
-799336
-799376
-799308
-799416
-799432
-799392
-799344
-799428
-799496
-799356
-799292
-799280
-799356
-799236
-799144
-799172
-799256
-799212
-799248
-799260
-799184
-799208
-799176
-798916
-798952
-799044
-798964
-798868
-798988
-799112
-799124
-799232
-799272
-799136
-799044
-799060
-799128
-799144
-798988
-799132
-799340
-799380
-799316
-799252
-799144
-799164
-798896
-798864
-798848
-799056
-799004
-798932
-798788
-798872
-798788
-798876
-799008
-799136
-799108
-799160
-799300
-799460
-799588
-799692
-799668
-799764
-799752
-799744
-799744
-799812
-799872
-799756
-799808
-799788
-799612
-799576
-799508
-799564
-799808
-799624
-799956
-799892
-799788
-799708
-799540
-799452
-799340
-799352
-799208
-799324
-799400
-799436
-799552
-799520
-799652
-799544
-799544
-799500
-799508
-799596
-799380
-799540
-799536
-799636
-799604
-799360
-799204
-799312
-799320
-799332
-799476
-799364
-799328
-799332
-799432
-799392
-799220
-799252
-799352
-799200
-799248
-799396
-799424
-799420
-799324
-799316
-799252
-799204
-799180
-799124
-799136
-798860
-798620
-798976
-799144
-799164
-799284
-799172
-799092
-799060
-799044
-799216
-799312
-799292
-799240
-799128
-799224
-799264
-799216
-799132
-799328
-799516
-799536
-799540
-799552
-799540
-799548
-799616
-799648
-799348
-799512
-799512
-799492
-799412
-799472
-799504
-799572
-799532
-799464
-799436
-799344
-799420
-799500
-799580
-799480
-799456
-799296
-799252
-799296
-799508
-799404
-799360
-799444
-799496
-799504
-799644
-799620
-799608
-799700
-799876
-799880
-799940
-799964
-799804
-799664
-799644
-799564
-799232
-799132
-799016
-798772
-798688
-798652
-798652
-798768
-798776
-798832
-798840
-798872
-798836
-798756
-798600
-798584
-798532
-798552
-798668
-798656
-798624
-798784
-798692
-798688
-798668
-798588
-798596
-798408
-798564
-798592
-798612
-798492
-798560
-798484
-798516
-798648
-798584
-798604
-798576
-798616
-798556
-798504
-798456
-798680
-798584
-798656
-798612
-798760
-798736
-798680
-798728
-798580
-798360
-798320
-798372
-798320
-798228
-798096
-797948
-797832
-797828
-798104
-798216
-798380
-798612
-798736
-798772
-798468
-798576
-798660
-798876
-798888
-798868
-798744
-798704
-798900
-798836
-798904
-798832
-799028
-799064
-799200
-799196
-799256
-799288
-799332
-799248
-799276
-799132
-799180
-799312
-799092
-798952
-798912
-798932
-799028
-798980
-798868
-798876
-798820
-798808
-798940
-798864
-799024
-798856
-798740
-798612
-798700
-798748
-798796
-798744
-798876
-798840
-798660
-798704
-798836
-798796
-798752
-798756
-799124
-799120
-799192
-799112
-799028
-798892
-798900
-798836
-798828
-798688
-798636
-798636
-798596
-798476
-798344
-798232
-798328
-798592
-798392
-798376
-798472
-798404
-798360
-798732
-798920
-798768
-798772
-798960
-799000
-799008
-798896
-798900
-798928
-798832
-798892
-799028
-799272
-799188
-799184
-799324
-799344
-799472
-799520
-799552
-799580
-799604
-799784
-799648
-799728
-799720
-799688
-799648
-799760
-799684
-799656
-799708
-799968
-800044
-799892
-799776
-799848
-799744
-799768
-799816
-799784
-799792
-799812
-799892
-799680
-799432
-799392
-799548
-799468
-799244
-799500
-799536
-799492
-799248
-799196
-799200
-799208
-799220
-799216
-799144
-799160
-799272
-799336
-799440
-799396
-799520
-799544
-799472
-799424
-799432
-799412
-799304
-799324
-799352
-799332
-799452
-799408
-799304
-799416
-799436
-799396
-799496
-799636
-799544
-799584
-799880
-799868
-799744
-799812
-799864
-799824
-799948
-799764
-799760
-799752
-799808
-799680
-799728
-799648
-799644
-799752
-799820
-799652
-799628
-799844
-799872
-799700
-799564
-799560
-799592
-799580
-799500
-799460
-799536
-799632
-799664
-799224
-799172
-799000
-798900
-798948
-798792
-798660
-798544
-798616
-798704
-798772
-798580
-798480
-798476
-798484
-798352
-798032
-797928
-797864
-797940
-797904
-797752
-797736
-797828
-797788
-797732
-797644
-797504
-797296
-797352
-797516
-797408
-797288
-797372
-797360
-797516
-797552
-797480
-797432
-797516
-797488
-797368
-797452
-797628
-797436
-797404
-797388
-797340
-797252
-797312
-797400
-797528
-797356
-797320
-797424
-797556
-797560
-797424
-797352
-797296
-797324
-797588
-797684
-797644
-797496
-797492
-797436
-797560
-797644
-797436
-797352
-797364
-797532
-797504
-797568
-797632
-797640
-797612
-797536
-797432
-797548
-797548
-797544
-797468
-797368
-797376
-797364
-797288
-797444
-797272
-797248
-797124
-797268
-797260
-797260
-797268
-797392
-797296
-797356
-797384
-797328
-797276
-797268
-797328
-797356
-797240
-797488
-797232
-797116
-797116
-797088
-797372
-797316
-797300
-797104
-797076
-796972
-797064
-797084
-797104
-797464
-797480
-797456
-797572
-797376
-797148
-797328
-797416
-797416
-797460
-797332
-797384
-797584
-797620
-797672
-797604
-797608
-797620
-797524
-797272
-797336
-797536
-797576
-797464
-797240
-797156
-797252
-797300
-797464
-797496
-797356
-797484
-797476
-797576
-797568
-797500
-797468
-797596
-797716
-797664
-797928
-797960
-797712
-797780
-797840
-797760
-797736
-797404
-797252
-797180
-797192
-797128
-797088
-797000
-797128
-797088
-797096
-796976
-797196
-797252
-797392
-797200
-797136
-797060
-797008
-797028
-797124
-797136
-796940
-796876
-796760
-796856
-796816
-796860
-796892
-797152
-797064
-797152
-797108
-797328
-797360
-797584
-797948
-797984
-798080
-797808
-797840
-797980
-798224
-798440
-798416
-798312
-798376
-798428
-798420
-798652
-798404
-798308
-798180
-798092
-798272
-798316
-798280
-798216
-798344
-798232
-798372
-798400
-798536
-798452
-798480
-798432
-798424
-798336
-798480
-798380
-798276
-798348
-798316
-798352
-798436
-798400
-798324
-798288
-798296
-798388
-798260
-798328
-798276
-798280
-798428
-798296
-798404
-798276
-798192
-798316
-798304
-798380
-798296
-798260
-798096
-798300
-798292
-798284
-798284
-798204
-798152
-798236
-798164
-798528
-798600
-798524
-798476
-798404
-798492
-798412
-798628
-798688
-798320
-798324
-798356
-798260
-798212
-798200
-798232
-798296
-798240
-798500
-798532
-798736
-798692
-798572
-798636
-798536
-798616
-798556
-798492
-798576
-798596
-798688
-798652
-798756
-798352
-798396
-798336
-798428
-798528
-798488
-798404
-798176
-798008
-797996
-798044
-798100
-797976
-798120
-798152
-798116
-798028
-797996
-797920
-797964
-798004
-798024
-797848
-797896
-797756
-797684
-797500
-797408
-797384
-797504
-797484
-797432
-797592
-797528
-797600
-797824
-797772
-797868
-797892
-797572
-797624
-797812
-797768
-797836
-797892
-797864
-797892
-797864
-797868
-797952
-797856
-797904
-797920
-797964
-798020
-798188
-798124
-798112
-798360
-798308
-798352
-798420
-798456
-798416
-798216
-798348
-798420
-798328
-798340
-798380
-798204
-798092
-798044
-797912
-798016
-798124
-798148
-798124
-798076
-798152
-798032
-798096
-798020
-797944
-797940
-797780
-797832
-797900
-797936
-798008
-797976
-798092
-798004
-797948
-798024
-798080
-798124
-798124
-798160
-798332
-798260
-798064
-798088
-797944
-797812
-797884
-797968
-797948
-797924
-797940
-797996
-798004
-797992
-797928
-797804
-797752
-797704
-797664
-797656
-797848
-797704
-797788
-797664
-797852
-797556
-797560
-797504
-797588
-797420
-797252
-797272
-797336
-797228
-797244
-797336
-797272
-797112
-797092
-797192
-797196
-796996
-797236
-797248
-797236
-797212
-797344
-797436
-797528
-797508
-797468
-797588
-797556
-797676
-797668
-797572
-797652
-797644
-797588
-797556
-797464
-797428
-797436
-797368
-797472
-797368
-797596
-797520
-797608
-797532
-797460
-797388
-797472
-797620
-797524
-797472
-797604
-797672
-797516
-797480
-797528
-797564
-797588
-797704
-797792
-797764
-797652
-797628
-797664
-797804
-797904
-797856
-797956
-797976
-798080
-798160
-798316
-798400
-798296
-798248
-798264
-798244
-798100
-798172
-798068
-798120
-798116
-798080
-798092
-798184
-797956
-797932
-798020
-798064
-797944
-797820
-797876
-797956
-798040
-798124
-798040
-798264
-798388
-798304
-798472
-798508
-798528
-798756
-798916
-798896
-798760
-798792
-798820
-798624
-798908
-798928
-798948
-799012
-798932
-798832
-798844
-798988
-798948
-799024
-799084
-799056
-799024
-798944
-798940
-798888
-798932
-798996
-799056
-799128
-799132
-799144
-799324
-799556
-799452
-799568
-799556
-799312
-799448
-799408
-799460
-799392
-799428
-799440
-799364
-799492
-799432
-799588
-799924
-799916
-799964
-799796
-799924
-799952
-799736
-799720
-799856
-799880
-799760
-799760
-799728
-799800
-799696
-799836
-799908
-799940
-800116
-800168
-800116
-800200
-800204
-800260
-800192
-799900
-799604
-799424
-799392
-799328
-799272
-799020
-799036
-799144
-799140
-799088
-799164
-799392
-799196
-799136
-799088
-799060
-799104
-798992
-798920
-798828
-799056
-799112
-799204
-799212
-799212
-799524
-799492
-799344
-799220
-799172
-799068
-799052
-799068
-799024
-798932
-798808
-798784
-798820
-798812
-798916
-798856
-798864
-798752
-798896
-798896
-798864
-798788
-798900
-798944
-798940
-798836
-798820
-798836
-798976
-799020
-799176
-799200
-799096
-799176
-799136
-799076
-799012
-799004
-798976
-798860
-798812
-799208
-799192
-799188
-799284
-799244
-799336
-799520
-799676
-799756
-799680
-799748
-800012
-800100
-800132
-800316
-800268
-800284
-800668
-800536
-800352
-800396
-800336
-800348
-800464
-800652
-800716
-800488
-800576
-800680
-800656
-800836
-800724
-800680
-800688
-800640
-800508
-800640
-800740
-800640
-800768
-800716
-800612
-800604
-800616
-800668
-800776
-800808
-800788
-800700
-800736
-800624
-800728
-800740
-800720
-800532
-800564
-800732
-800848
-801020
-800892
-800948
-800836
-800968
-801408
-801348
-801324
-801464
-801376
-801364
-801420
-801332
-801352
-801448
-801484
-801420
-801584
-801532
-801436
-801456
-801400
-801368
-801304
-801344
-801368
-801500
-801212
-801232
-801352
-801612
-801612
-801508
-801476
-801120
-801120
-801088
-801076
-801048
-801076
-801048
-801476
-801492
-801492
-801636
-801684
-801888
-801908
-801708
-801716
-801608
-801552
-801440
-801500
-801684
-801476
-801408
-801556
-801684
-801356
-801336
-801308
-801296
-801168
-801264
-801348
-801436
-801576
-801624
-801556
-801556
-801672
-801732
-801804
-801512
-801612
-801584
-801564
-801428
-801460
-801560
-801692
-801900
-801696
-801628
-801524
-801428
-801432
-801268
-801196
-801280
-801156
-801116
-801056
-800956
-801056
-801016
-801100
-801124
-801132
-801040
-800880
-800860
-800884
-800820
-800796
-801024
-801064
-801084
-801172
-801060
-801108
-801020
-800920
-801056
-801124
-801100
-801092
-801332
-801348
-801400
-801556
-801676
-801768
-801708
-801576
-801488
-801568
-801660
-801684
-801684
-801700
-801548
-801384
-801400
-801400
-801468
-801564
-801552
-801408
-801496
-801520
-801592
-801488
-801380
-801432
-801432
-801476
-801292
-801252
-801272
-801160
-801148
-801072
-801072
-801016
-800776
-800828
-800896
-800912
-800824
-800752
-800700
-800684
-800336
-800476
-800444
-800488
-800412
-800568
-800612
-800668
-800712
-800644
-800476
-800972
-800960
-801008
-801120
-801196
-801192
-801312
-801424
-801496
-801584
-801456
-801576
-801436
-801376
-801440
-801576
-801528
-801596
-801424
-801432
-801292
-801208
-801312
-801416
-801480
-801456
-801440
-801340
-801420
-801320
-801340
-801464
-801600
-801508
-801324
-801392
-801592
-801572
-801404
-801264
-801180
-801144
-801148
-801064
-801184
-801192
-801116
-801052
-801184
-801012
-800964
-801044
-801136
-801264
-801128
-801256
-801368
-801420
-801400
-801396
-801432
-801448
-801432
-801444
-801396
-801416
-801324
-801356
-801304
-801328
-801332
-801352
-801308
-801408
-801196
-801220
-801160
-801172
-801204
-801264
-801308
-801380
-801440
-801492
-801452
-801484
-801312
-801264
-801376
-801592
-801536
-801600
-801552
-801460
-801456
-801280
-801352
-801456
-801496
-801600
-801636
-801552
-801472
-801612
-801576
-801296
-801400
-801480
-801420
-801536
-801464
-801652
-801516
-801420
-801448
-801488
-801496
-801548
-801648
-801584
-801552
-801432
-801516
-801488
-801656
-801640
-801692
-801664
-801712
-801708
-801876
-802104
-802160
-802076
-801916
-801928
-801848
-801932
-801920
-801904
-801756
-801728
-801620
-801532
-801572
-801676
-801512
-801532
-801392
-801364
-801316
-801424
-801412
-801444
-801100
-801196
-801208
-801112
-801408
-801520
-801516
-801500
-801548
-801492
-801400
-801328
-801332
-800976
-800868
-800928
-801016
-800944
-801164
-801184
-800860
-800940
-800940
-800824
-800800
-801004
-800956
-800988
-800788
-800856
-800668
-800520
-800816
-800708
-800628
-800576
-800712
-800868
-800856
-800976
-800992
-801008
-801028
-800972
-800924
-801124
-801156
-801320
-801476
-801636
-801612
-801656
-801504
-801616
-801596
-801648
-801560
-801500
-801560
-801552
-801536
-801384
-801208
-801084
-800908
-800804
-800660
-800712
-800572
-800604
-800848
-800660
-800808
-800840
-800708
-800764
-800828
-800828
-800868
-800768
-800864
-800708
-800704
-800724
-800712
-800696
-800544
-800420
-800448
-800440
-800380
-800476
-800648
-800400
-800564
-800496
-800608
-800756
-800840
-800996
-801080
-801064
-801000
-801108
-801284
-801392
-801432
-801280
-801456
-801420
-801376
-801228
-801248
-801200
-801232
-801312
-801108
-801144
-801140
-801328
-801520
-801460
-801484
-801608
-801800
-802172
-801980
-801784
-802100
-802092
-802068
-801992
-801876
-801964
-801868
-801904
-801956
-801808
-801728
-801724
-801656
-801672
-801664
-801600
-801668
-801788
-801724
-801824
-801836
-801764
-801812
-801872
-801744
-801672
-801644
-801704
-801728
-801672
-801560
-801628
-801596
-801640
-801608
-801664
-801692
-801624
-801712
-801888
-801788
-801784
-801920
-801676
-801720
-801504
-801576
-801648
-801764
-801808
-801900
-801900
-801920
-801944
-801936
-802052
-802156
-802212
-802372
-802228
-802136
-802212
-802340
-802128
-801848
-801940
-801992
-802008
-802096
-802280
-802272
-802340
-802384
-802464
-802432
-802396
-802284
-802140
-802208
-802248
-802016
-801948
-801840
-801892
-801864
-801860
-801860
-802040
-802160
-802168
-802132
-802000
-802016
-802092
-802144
-802120
-802236
-802252
-802440
-802532
-802448
-802628
-802564
-802656
-802768
-802880
-802948
-803116
-803116
-803124
-802916
-803068
-803128
-803100
-802984
-803004
-803060
-803000
-803224
-803252
-802896
-802876
-803048
-803172
-803140
-803184
-803232
-803224
-803040
-803120
-803236
-803248
-803248
-803236
-803416
-803448
-803380
-803360
-803312
-803212
-803300
-803392
-803544
-803444
-803380
-803704
-803660
-803644
-803736
-804160
-804036
-803880
-803988
-804048
-803908
-803964
-803956
-803972
-803988
-804192
-804348
-804484
-804564
-804624
-804436
-804368
-804316
-804380
-804664
-804788
-804740
-804492
-804532
-804608
-804496
-804480
-804616
-804652
-804644
-804484
-804588
-804560
-804612
-804716
-804464
-804660
-804704
-804744
-804560
-804676
-804596
-804468
-804412
-804324
-804336
-804316
-804260
-804300
-804332
-804148
-804184
-804228
-804296
-804248
-804276
-804128
-804156
-804416
-804228
-804108
-804180
-804332
-804428
-804464
-804492
-804532
-804436
-804548
-804568
-804320
-804436
-804384
-804272
-803932
-803808
-803656
-803656
-803684
-803604
-803592
-803568
-803460
-803492
-803344
-803432
-803180
-803128
-803080
-803036
-802992
-802984
-803012
-803084
-803128
-803100
-803056
-803040
-803060
-803048
-803132
-803228
-803028
-803064
-803088
-803152
-803168
-803100
-803224
-803084
-803044
-803052
-803052
-802900
-802996
-802912
-802996
-803000
-802992
-803136
-803200
-803352
-803512
-803484
-803488
-803520
-803392
-803468
-803540
-803428
-803452
-803448
-803672
-803664
-803572
-803404
-803292
-803368
-803352
-803384
-803544
-803644
-803548
-803436
-803376
-803372
-803392
-803248
-803252
-803132
-802956
-802912
-802876
-802740
-802960
-802992
-802996
-803100
-803204
-803220
-803296
-803440
-803496
-803428
-803476
-803288
-803124
-802996
-803028
-803040
-803364
-803356
-803416
-803588
-803384
-803452
-803480
-803160
-803092
-803120
-803168
-803180
-803292
-803408
-803356
-803468
-803392
-803444
-803452
-803684
-803512
-803232
-803232
-803148
-803164
-803092
-803144
-803172
-803072
-803020
-802868
-802684
-802760
-802692
-802832
-802788
-802804
-802876
-802884
-802820
-802808
-802980
-803052
-803020
-802988
-802980
-803068
-803080
-802992
-803104
-802984
-802884
-802524
-802688
-802820
-802720
-802572
-802624
-802560
-802440
-802560
-802532
-802500
-802608
-802676
-802712
-802612
-802892
-802708
-802576
-802600
-802504
-802624
-802408
-802456
-802400
-802456
-802448
-802496
-802280
-802172
-802336
-802332
-802296
-802212
-802460
-802448
-802484
-802556
-802548
-802472
-802452
-802388
-802364
-802656
-802852
-802656
-802740
-802820
-802832
-803004
-803024
-803064
-803076
-803112
-803212
-803240
-803172
-803168
-803212
-803068
-803036
-803044
-803032
-803036
-803088
-803064
-803080
-803180
-803188
-803180
-803084
-803184
-803168
-803388
-803328
-803260
-803532
-803548
-803700
-803644
-803496
-803544
-803760
-803980
-804212
-804100
-804132
-804148
-804192
-804272
-804244
-804212
-804148
-804088
-804032
-803904
-803748
-803916
-803772
-803656
-803688
-803628
-803404
-803412
-803456
-803536
-803464
-803488
-803516
-803592
-803652
-803652
-803568
-803620
-803564
-803540
-803448
-803576
-803672
-803748
-803832
-803820
-803884
-803824
-803824
-803548
-803544
-803412
-803604
-803400
-803636
-803808
-803400
-803440
-803236
-803232
-803252
-803356
-803316
-803404
-803160
-803076
-802928
-802928
-802964
-803040
-803044
-803004
-803004
-802916
-803168
-803200
-803204
-803328
-803500
-803484
-803464
-803356
-803076
-803008
-802556
-802612
-802688
-802708
-802628
-802552
-802592
-802616
-802728
-802748
-802696
-802660
-802764
-802744
-802556
-802568
-802392
-802556
-802392
-802320
-802024
-802264
-802388
-802404
-802384
-802232
-802328
-802436
-802452
-802456
-802460
-802464
-802336
-802248
-802364
-802348
-802348
-802280
-802560
-802696
-802832
-802832
-803052
-803100
-803240
-803216
-803168
-803140
-803236
-803212
-803276
-803336
-803280
-803300
-803204
-803184
-803184
-803052
-802944
-802760
-802904
-802868
-802768
-802548
-802540
-802488
-802324
-802440
-802384
-802408
-802456
-802540
-802732
-802860
-803128
-803208
-803292
-803208
-803100
-803060
-803004
-803004
-802868
-802708
-802800
-802568
-802564
-802540
-802604
-802612
-802688
-802572
-802604
-802468
-802408
-802216
-802264
-802300
-802280
-802276
-802268
-802332
-802372
-802372
-802248
-802208
-802264
-802356
-802224
-802324
-802260
-802208
-802264
-802216
-802172
-802176
-802184
-802172
-802268
-802100
-801844
-801684
-801624
-801540
-801464
-801096
-801104
-801192
-801128
-801060
-801020
-801196
-801292
-801300
-801296
-801276
-801316
-801232
-801288
-801472
-801368
-801268
-801244
-801220
-801176
-801160
-801152
-801216
-801176
-801112
-801048
-801132
-800844
-800720
-800468
-800496
-800680
-800796
-800872
-800944
-801028
-801036
-801104
-801072
-800956
-800956
-801208
-801232
-801396
-801464
-801576
-801600
-801564
-801732
-801688
-801804
-801932
-801984
-802004
-801708
-801632
-801700
-801800
-801856
-801816
-801648
-801620
-801644
-801704
-801720
-801736
-801744
-801912
-801900
-801896
-801668
-801516
-801368
-801292
-801324
-801508
-801612
-801448
-801368
-801508
-801580
-801636
-801604
-801684
-801628
-801692
-801660
-801696
-801716
-801728
-801884
-801860
-801856
-801868
-801824
-801804
-801620
-801684
-801652
-801712
-801688
-801604
-801608
-801916
-801884
-801848
-801748
-801692
-801536
-801584
-801484
-801560
-801572
-801672
-801584
-801688
-801756
-801844
-801900
-801836
-801776
-801812
-801800
-801780
-801776
-801728
-801812
-801884
-801860
-801896
-801988
-802264
-802472
-802556
-802568
-802624
-802508
-802788
-802944
-802804
-802688
-802492
-802532
-802572
-802508
-802284
-802228
-802296
-802360
-802216
-802176
-802264
-802324
-802268
-802260
-802212
-802160
-802152
-802248
-802344
-802332
-802372
-802520
-802592
-802668
-802680
-802564
-802556
-802504
-802672
-802592
-802636
-802608
-802736
-802656
-802748
-802844
-802856
-802784
-802652
-802612
-802572
-802596
-802776
-802936
-802824
-802748
-802668
-802592
-802604
-802568
-802484
-802340
-802516
-802552
-802312
-802160
-802008
-801956
-801872
-801832
-801792
-801768
-801948
-801900
-801764
-801796
-801744
-801496
-801616
-801720
-801784
-801796
-801868
-801876
-801868
-801864
-801776
-801836
-801836
-802164
-802256
-802352
-802556
-802500
-802652
-802600
-802608
-802504
-802592
-802500
-802736
-802712
-802736
-802824
-802948
-803048
-803004
-802844
-803004
-803072
-803136
-802848
-802656
-802712
-802700
-802740
-802976
-802944
-802992
-803008
-803124
-803048
-802964
-803104
-802972
-802984
-802884
-802836
-802944
-802976
-803044
-802980
-803128
-803164
-803052
-803052
-803104
-802968
-802996
-802968
-802972
-802884
-802960
-803016
-802876
-802764
-802648
-802712
-802668
-802592
-802612
-802624
-802604
-802600
-802592
-802672
-802468
-802476
-802472
-802532
-802472
-802240
-802180
-802184
-802220
-802292
-802348
-802344
-802428
-802456
-802448
-802540
-802428
-802632
-802596
-802700
-802588
-802560
-802528
-802292
-802324
-802420
-802408
-802424
-802396
-802512
-802596
-802808
-802788
-802728
-802616
-802520
-802572
-802596
-802532
-802596
-802492
-802412
-802432
-802308
-802404
-802400
-802440
-802452
-802460
-802352
-802296
-802260
-802232
-802172
-802152
-801972
-802084
-802052
-802024
-801940
-801892
-801780
-801748
-801672
-801512
-801328
-801436
-801504
-801628
-801656
-801584
-801668
-801532
-801352
-801376
-801268
-801180
-801040
-801144
-801184
-801204
-801036
-801104
-801108
-801032
-801008
-800868
-800768
-800608
-800624
-800580
-800668
-800652
-800708
-800836
-800968
-801028
-801188
-800988
-800968
-800812
-800880
-800872
-800952
-800948
-800868
-800720
-800588
-800468
-800540
-800336
-800180
-800264
-800300
-800228
-800224
-800316
-800420
-800572
-800664
-800696
-800688
-800492
-800528
-800580
-800656
-800724
-800664
-800572
-800684
-800796
-800664
-800820
-800900
-800628
-800736
-800724
-800820
-800860
-800768
-800732
-800592
-800556
-800332
-800396
-800452
-800332
-800448
-800508
-800508
-800432
-800428
-800476
-800564
-800568
-800900
-800788
-800820
-801020
-801168
-801164
-801080
-801020
-800768
-800824
-800756
-800908
-801004
-801092
-800920
-801028
-801232
-801248
-801060
-801068
-801340
-801188
-801276
-801296
-801404
-801400
-801348
-801040
-801108
-800940
-801172
-801064
-801132
-801196
-801532
-801492
-801532
-801404
-801600
-801740
-801816
-801784
-801764
-801852
-801744
-801784
-801760
-801896
-801884
-801780
-801808
-801900
-801852
-801736
-801620
-801684
-801600
-801600
-801540
-801424
-801464
-801588
-801620
-801576
-801572
-801596
-801644
-801640
-801460
-801464
-801596
-801596
-801700
-801620
-801588
-801492
-801516
-801432
-801656
-801648
-801636
-801540
-801460
-801712
-801772
-801708
-801896
-802020
-801884
-801844
-801940
-801920
-801832
-801816
-801876
-801760
-801656
-801640
-801660
-801564
-801488
-801660
-801724
-801908
-801820
-801640
-801560
-801488
-801548
-801356
-801448
-801544
-801436
-801384
-801328
-801312
-801156
-801108
-801016
-800864
-801008
-801004
-800980
-800968
-800968
-800940
-800980
-801056
-800948
-801020
-800940
-800960
-801012
-801020
-801036
-801076
-801128
-801172
-801004
-800936
-800564
-800736
-800608
-800480
-800520
-800468
-800452
-800412
-800380
-800416
-800448
-800488
-800232
-800220
-800128
-800312
-800340
-800324
-800204
-800444
-800400
-800440
-800532
-800512
-800480
-800404
-800348
-800204
-800244
-800284
-800408
-800280
-800212
-800148
-800320
-800360
-800356
-800392
-800388
-800220
-800300
-800188
-800132
-800048
-800084
-800080
-800084
-800112
-799952
-799908
-799848
-799836
-799820
-799808
-799812
-799800
-799780
-799720
-799768
-799784
-799756
-799592
-799568
-799512
-799496
-799460
-799604
-799664
-799728
-799752
-799672
-799784
-799836
-799888
-799888
-799820
-799592
-799528
-799696
-799716
-799696
-799716
-799628
-799560
-799520
-799540
-799572
-799480
-799420
-799336
-799292
-799444
-799376
-799420
-799236
-799212
-799216
-799096
-799384
-799516
-799648
-799712
-799760
-799612
-799692
-799824
-799968
-800176
-800160
-800140
-799944
-799940
-799892
-799812
-799608
-799688
-799652
-799528
-799520
-799456
-799204
-798852
-798812
-798840
-798692
-798804
-798776
-798744
-798592
-798484
-798600
-798680
-798736
-798704
-798456
-798436
-798336
-798232
-798224
-798228
-798096
-798052
-798180
-798144
-798200
-798140
-798068
-798180
-798148
-798100
-798108
-798124
-798112
-798056
-798132
-798236
-798212
-798056
-797984
-797916
-797856
-797920
-797976
-798232
-798200
-798312
-798280
-798276
-798200
-798276
-798176
-798148
-798144
-798212
-798156
-798088
-798140
-798116
-798136
-797824
-797804
-797688
-797640
-797612
-797624
-797532
-797540
-797612
-797660
-797664
-797652
-797692
-797708
-797916
-797736
-797660
-797592
-797432
-797420
-797452
-797344
-797268
-797488
-797440
-797304
-797300
-797352
-797344
-797408
-797360
-797364
-797448
-797504
-797420
-797492
-797268
-797036
-797104
-797248
-797276
-797564
-797556
-797580
-797588
-797776
-797804
-797752
-797804
-797852
-797876
-797896
-797860
-797904
-797760
-797528
-797624
-797816
-797744
-797580
-797400
-797424
-797280
-797320
-797444
-797456
-797576
-797576
-797624
-797768
-797840
-797752
-797816
-797656
-797660
-797648
-797620
-797640
-797668
-797632
-797504
-797592
-797600
-797652
-797884
-797984
-797964
-797964
-797932
-798012
-798636
-798564
-798620
-798652
-798740
-798624
-798716
-798784
-798564
-798616
-798644
-798612
-798852
-798792
-798692
-798540
-798568
-798480
-798424
-798540
-798432
-798420
-798448
-798556
-798580
-798624
-798468
-798596
-798688
-798628
-798636
-798400
-798488
-798420
-798348
-798416
-798392
-798468
-798484
-798456
-798404
-798356
-798488
-798356
-798528
-798592
-798584
-798616
-798624
-798476
-798388
-798504
-798456
-798356
-798348
-798344
-798432
-798460
-798600
-798560
-798876
-799072
-799080
-798996
-798984
-799120
-799032
-799312
-799384
-799536
-799476
-799520
-799480
-799388
-799392
-799268
-799244
-799096
-799140
-799268
-799284
-799492
-799532
-799532
-799548
-799516
-799452
-799584
-799712
-799596
-799564
-799660
-799524
-799564
-799740
-799592
-799636
-799440
-799404
-799440
-799288
-799296
-799264
-799204
-799216
-799308
-799336
-799468
-799332
-799068
-799008
-799096
-799124
-799032
-798976
-798892
-798872
-799120
-799104
-799064
-799004
-798888
-798864
-798952
-798872
-798832
-798748
-798684
-798720
-798924
-798984
-798860
-798932
-798872
-798860
-798752
-798684
-798796
-798760
-798656
-798620
-798564
-798692
-798788
-798924
-799172
-799060
-799184
-799228
-799116
-799240
-799228
-799248
-799152
-798956
-799064
-798960
-799096
-798992
-798920
-798828
-798820
-798800
-798752
-798852
-798868
-799152
-799112
-799116
-799084
-799028
-799092
-799156
-799044
-798976
-799020
-798816
-798728
-798716
-798668
-798684
-798604
-798536
-798372
-798284
-798264
-798260
-798228
-798276
-798372
-798132
-798240
-798368
-798020
-797968
-797904
-797996
-798048
-798156
-798176
-798288
-798260
-798696
-798756
-798704
-798772
-798664
-798604
-798568
-798512
-798292
-798276
-798328
-798292
-798312
-798284
-798396
-798252
-798332
-798424
-798644
-798516
-798496
-798532
-798384
-798392
-798380
-798300
-798304
-798444
-798472
-798320
-798428
-798452
-798416
-798300
-798140
-798164
-797948
-798000
-798004
-797740
-797636
-797412
-797548
-797388
-797532
-797720
-797728
-797620
-797484
-797700
-797624
-797712
-797732
-797652
-797664
-797596
-797740
-797772
-797728
-797820
-797716
-797828
-797812
-797844
-797912
-797940
-798192
-798084
-798120
-797956
-797952
-798056
-798164
-798200
-798032
-798084
-797980
-797904
-797772
-797708
-797640
-797676
-797480
-797264
-797024
-796960
-796956
-796936
-796808
-796780
-796712
-796768
-796884
-796932
-797108
-797064
-797140
-797088
-797088
-796988
-796984
-796936
-796948
-796840
-796804
-796876
-796932
-797176
-797540
-797556
-797612
-797676
-797680
-797668
-797780
-797688
-797620
-797548
-797568
-797488
-797420
-797372
-797340
-797492
-797432
-797632
-797588
-797676
-797636
-797588
-797600
-797644
-797616
-797640
-797576
-797560
-797516
-797540
-797604
-797616
-797640
-797500
-797312
-797232
-797224
-797108
-797100
-797016
-796952
-797064
-797204
-797352
-797260
-797288
-797332
-797420
-797364
-797340
-797320
-797296
-797272
-797500
-797732
-797624
-797696
-797696
-797688
-797616
-797668
-797528
-797528
-797620
-797488
-797396
-797452
-797328
-797248
-797208
-797132
-797084
-797144
-797204
-797228
-797536
-797596
-797596
-797640
-797592
-797368
-797268
-797180
-797268
-797204
-797296
-797384
-797372
-797420
-797276
-797292
-797204
-797172
-797388
-797428
-797428
-797388
-797292
-797392
-797424
-797392
-797420
-797424
-797404
-797368
-797388
-797228
-797280
-797352
-797296
-797276
-797448
-797380
-797536
-797412
-797632
-797664
-797692
-797604
-797596
-797628
-797576
-797724
-797712
-797748
-797592
-797592
-797796
-797868
-797936
-797996
-798096
-798152
-798108
-798244
-798256
-798312
-798112
-798208
-798144
-798456
-798492
-798620
-798964
-798900
-798852
-798932
-799024
-799144
-798992
-798700
-798568
-798656
-798664
-798860
-798652
-799044
-798964
-798880
-798868
-798808
-798840
-798824
-798576
-798600
-798628
-798652
-798636
-798596
-798584
-798668
-798720
-798712
-798628
-798712
-798716
-798856
-798908
-798580
-798648
-798740
-798548
-798532
-798712
-798784
-798956
-799020
-798952
-798992
-799052
-798984
-799032
-799088
-799116
-799156
-799180
-799224
-799128
-799168
-799168
-799168
-799260
-799368
-799344
-799204
-799064
-798932
-798816
-798876
-798884
-799156
-799196
-799176
-799184
-799064
-799004
-799060
-799108
-799216
-799204
-799080
-798964
-799252
-799196
-799172
-799272
-799272
-799264
-799252
-799316
-799404
-799424
-799616
-799632
-799744
-800128
-800020
-799992
-800012
-800096
-800144
-800188
-800144
-800124
-800136
-800160
-800044
-799904
-799900
-799872
-799688
-799664
-799416
-799228
-799144
-799288
-799080
-799004
-799064
-799068
-799164
-799216
-799360
-799276
-799264
-799348
-799104
-799056
-799116
-799120
-799156
-799144
-799200
-799024
-799040
-799216
-799192
-799224
-799192
-799272
-799080
-799236
-799228
-799296
-799652
-799376
-799296
-799344
-799248
-799080
-799144
-799100
-799020
-798908
-799200
-799228
-799172
-799016
-799004
-798980
-799136
-799360
-799388
-799472
-799552
-799660
-799816
-799852
-799832
-799852
-799728
-800044
-800160
-800364
-800336
-800096
-799900
-800284
-800276
-800220
-800460
-800560
-800592
-800688
-800764
-800796
-800780
-800732
-800500
-800412
-800348
-800332
-800492
-800608
-800644
-800668
-800796
-800876
-800920
-801060
-801024
-800940
-800976
-801004
-800944
-800848
-800800
-800796
-800820
-800916
-801040
-800568
-800720
-800704
-800720
-800848
-800820
-800908
-800780
-801060
-801156
-801076
-801196
-801404
-801480
-801416
-801352
-801304
-801376
-801420
-801480
-801860
-801900
-801880
-801844
-801816
-801872
-801700
-801576
-801548
-801652
-801756
-801760
-801784
-801900
-802048
-802076
-802216
-802328
-802148
-802232
-802532
-802540
-802596
-802652
-802536
-802504
-802356
-802060
-802000
-801908
-801900
-801884
-801832
-801812
-801600
-801508
-801420
-801420
-801376
-801472
-801516
-801484
-801728
-801748
-801580
-801596
-801668
-801712
-801624
-801532
-801352
-801396
-801448
-801232
-801120
-801224
-801256
-800956
-801184
-801188
-800920
-800908
-800932
-801020
-800900
-800904
-800788
-800684
-800540
-800652
-800608
-800532
-800480
-800520
-800508
-800244
-800280
-800340
-800300
-800196
-800304
-800424
-800480
-800532
-800524
-800484
-800488
-800544
-800404
-800488
-800352
-800344
-800352
-800304
-800316
-800380
-800472
-800320
-800332
-800272
-800316
-800320
-800380
-800364
-800192
-800240
-800156
-800208
-800316
-800364
-800212
-800148
-800056
-800128
-800020
-800140
-799952
-800012
-800152
-800144
-800292
-800380
-800508
-800576
-800456
-800592
-800584
-800488
-800368
-800392
-800264
-800404
-800268
-800204
-800432
-800208
-800164
-800124
-799996
-800084
-799940
-799848
-799932
-799956
-799780
-799748
-799984
-799904
-799612
-799540
-799500
-799464
-799348
-799304
-799388
-799484
-799576
-799668
-799700
-799668
-799620
-799716
-799728
-799912
-800016
-799980
-799924
-800036
-799984
-799928
-800040
-799880
-799900
-799924
-800012
-799860
-799896
-799852
-799780
-799836
-799900
-799912
-799876
-799576
-799556
-799488
-799468
-799520
-799468
-799408
-799356
-799376
-799376
-799316
-799220
-799136
-799044
-799116
-799192
-799172
-798996
-799028
-798884
-798932
-798864
-799016
-798980
-798936
-799052
-799004
-798844
-798944
-798856
-798704
-798692
-798624
-798692
-798636
-798856
-798668
-798644
-798472
-798740
-798796
-798864
-798856
-798848
-798792
-798680
-798628
-798520
-798712
-798812
-798816
-798576
-798276
-798308
-798292
-798416
-798392
-798488
-798376
-798300
-798420
-798532
-798612
-798736
-798740
-798768
-798972
-798944
-798764
-798780
-798880
-799012
-798904
-798936
-798944
-798884
-798864
-798744
-798632
-798488
-798452
-798628
-798684
-798672
-798736
-798692
-798776
-798800
-798844
-798684
-798556
-798704
-798524
-798696
-798896
-798916
-798876
-798844
-798740
-798780
-798812
-798844
-798648
-798548
-798520
-798532
-798428
-798364
-798476
-798436
-798664
-798444
-798436
-798396
-798284
-798436
-798460
-798404
-798440
-798500
-798464
-798444
-798492
-798552
-798448
-798732
-798908
-799008
-798996
-799036
-799092
-799196
-799100
-799104
-799024
-798980
-798916
-798876
-798920
-798836
-798856
-798808
-798924
-798944
-799056
-798960
-798972
-799116
-798992
-799000
-799144
-799512
-799476
-799484
-799232
-799204
-799228
-799288
-799356
-799452
-799484
-799272
-799256
-799068
-798984
-798956
-798932
-799108
-799052
-799176
-799080
-799272
-799460
-799496
-799504
-799576
-799488
-799680
-799712
-799548
-799480
-799452
-799500
-799456
-799512
-799600
-799600
-799532
-799488
-799512
-799420
-799756
-799748
-799764
-799712
-799704
-799640
-799756
-799684
-799784
-799744
-799732
-800000
-799832
-799824
-799884
-799652
-799940
-800064
-800216
-800152
-800308
-800368
-800472
-800412
-800348
-800600
-800668
-800748
-800428
-800412
-800364
-800340
-800256
-800408
-800428
-800380
-800240
-800224
-800116
-800176
-800172
-800120
-800256
-800248
-800024
-799972
-800008
-800016
-800052
-799960
-799844
-799960
-800176
-800108
-800068
-799980
-799984
-799876
-799844
-799740
-799824
-799896
-799956
-799952
-800068
-800364
-800484
-800496
-800320
-800068
-800084
-800220
-800224
-800120
-800112
-800180
-800244
-800276
-800356
-800256
-800124
-799952
-799960
-800020
-799972
-799912
-799500
-799496
-799672
-799856
-800028
-800132
-800436
-800416
-800644
-800648
-800896
-800980
-800844
-800920
-800928
-800992
-800828
-800800
-800724
-800668
-800784
-800536
-800576
-800328
-800220
-800180
-800156
-799836
-799888
-799916
-799888
-799880
-799824
-799924
-799904
-799864
-800072
-800140
-800140
-800192
-800072
-800120
-800284
-800276
-800256
-800240
-800256
-800468
-800576
-800552
-800484
-800432
-800388
-800352
-800716
-800800
-800632
-800592
-800648
-800684
-800796
-800772
-800812
-800696
-800580
-800512
-800696
-800724
-800668
-800664
-800592
-800584
-800524
-800484
-800224
-800096
-799952
-800044
-799980
-799896
-800024
-800028
-800088
-800036
-800072
-800064
-800004
-800324
-800380
-800316
-800112
-800168
-800072
-800044
-800008
-800076
-800172
-800104
-800204
-800192
-800140
-800308
-800320
-800228
-800288
-800276
-800244
-800300
-800352
-800440
-800440
-800524
-800488
-800456
-800156
-799832
-799932
-800216
-800136
-799996
-800220
-800388
-800432
-800468
-800508
-800424
-800388
-800408
-800400
-800252
-800204
-799996
-800076
-799996
-799896
-799904
-800008
-800268
-800312
-800336
-800528
-800484
-800296
-800312
-800356
-800380
-800444
-800648
-800756
-800844
-801036
-801040
-801028
-800996
-800864
-800820
-800804
-800836
-800792
-800860
-800764
-800740
-800696
-800732
-800892
-800748
-800844
-800704
-800608
-800676
-800744
-800748
-800852
-800932
-801056
-800980
-801016
-801152
-801300
-801356
-801440
-801400
-801424
-801404
-801240
-801148
-801276
-801364
-801232
-801308
-801328
-801628
-801636
-801716
-801684
-801708
-801580
-801744
-801596
-801676
-801416
-801408
-801208
-801244
-801308
-801236
-801260
-801256
-801192
-801300
-800972
-800760
-800628
-800636
-800876
-800920
-800756
-800716
-800520
-800588
-800576
-800612
-800544
-800656
-800816
-800904
-800792
-800688
-800676
-800652
-800620
-800316
-800404
-800396
-800304
-800244
-800420
-800400
-800568
-800608
-800708
-800712
-800684
-800704
-800692
-800724
-800620
-800756
-800588
-800600
-800628
-800536
-800508
-800544
-800620
-800576
-800780
-800736
-800632
-800628
-800792
-800800
-800848
-800740
-800544
-800636
-800608
-800620
-800684
-800652
-800584
-800516
-800488
-800268
-800112
-800004
-799936
-799944
-799964
-799768
-799792
-799780
-799848
-799736
-799824
-799808
-799768
-799768
-799740
-799680
-799772
-799948
-800000
-799992
-799976
-799992
-799996
-800044
-799972
-799872
-799892
-799816
-799940
-799748
-799580
-799540
-799396
-799456
-799512
-799476
-799432
-799636
-799840
-799936
-799752
-799960
-799968
-800164
-800280
-800300
-800320
-800224
-800108
-800052
-800096
-800160
-800176
-800168
-800144
-800208
-800200
-800192
-800324
-800060
-800076
-800068
-800044
-800104
-800120
-800188
-800116
-800152
-800144
-800092
-800092
-800052
-800020
-800048
-800140
-800064
-800160
-800220
-800084
-800108
-800228
-800256
-800232
-800100
-800040
-800064
-800000
-799956
-800028
-800220
-800360
-800168
-800052
-800128
-800108
-799972
-799844
-800068
-800088
-800036
-800076
-799928
-799852
-799900
-799888
-799628
-799676
-799720
-799708
-799608
-799820
-799840
-799736
-799812
-799584
-799680
-799640
-799548
-799432
-799500
-799744
-799904
-799848
-799584
-799468
-799412
-799240
-799140
-798984
-799020
-798868
-798868
-798880
-798900
-799044
-799256
-799284
-799332
-799176
-799492
-799412
-799024
-798992
-798912
-798988
-798844
-798844
-798752
-798708
-798384
-798360
-798492
-798508
-798572
-798488
-798540
-798456
-798728
-798808
-798640
-798808
-798828
-798832
-798732
-798808
-798448
-798648
-798664
-798756
-798468
-798476
-798272
-798608
-798660
-798780
-798764
-798704
-798728
-798776
-798776
-798860
-798560
-798904
-798744
-798748
-798944
-799048
-799148
-799088
-799048
-799068
-798932
-798872
-798632
-798700
-798728
-798724
-798728
-799232
-799160
-799136
-799132
-799148
-799272
-799296
-799388
-799496
-799596
-799520
-799460
-799268
-799408
-799308
-799320
-799600
-799504
-799668
-799668
-799476
-799468
-799428
-799380
-799456
-799304
-799212
-799128
-799236
-799320
-799372
-799356
-799328
-799472
-799480
-799580
-799596
-799612
-799696
-799680
-799752
-799616
-799640
-799640
-799552
-799668
-799764
-799704
-799752
-799912
-800000
-800044
-800180
-800072
-800420
-800472
-800348
-800340
-800248
-800272
-800296
-800232
-800328
-800368
-800292
-800484
-800476
-800524
-800664
-800904
-800964
-800904
-800956
-801152
-801180
-801260
-801344
-801320
-801220
-801068
-800980
-800768
-800704
-800652
-800760
-800712
-800508
-800532
-800564
-800572
-800624
-800572
-800460
-800352
-800264
-800228
-800056
-799968
-800060
-799952
-799868
-799804
-799856
-799840
-799736
-799748
-799704
-799912
-799876
-799900
-799904
-799868
-799924
-799856
-799700
-799696
-799712
-799804
-799760
-799824
-799872
-800036
-800004
-799980
-800100
-800120
-799948
-799788
-799744
-799920
-799916
-799936
-800072
-800096
-799988
-799940
-799892
-799948
-800024
-800192
-800128
-800328
-800732
-800756
-800772
-800644
-800704
-800624
-800728
-800776
-800756
-800592
-800504
-800560
-800560
-800600
-800676
-800684
-800804
-800648
-800648
-800868
-800820
-800736
-801068
-801096
-801212
-801148
-801232
-801392
-801160
-801140
-801192
-801284
-801228
-801276
-801412
-801476
-801536
-801512
-801664
-801624
-801672
-801700
-801568
-801556
-801556
-801628
-801484
-801408
-801416
-801456
-801496
-801508
-801620
-801564
-801592
-801568
-801580
-801432
-801308
-801560
-801444
-801464
-801456
-801288
-801272
-801356
-801292
-801300
-801500
-801568
-801596
-801664
-801696
-801644
-801448
-801532
-801388
-801352
-801236
-801184
-801108
-801140
-801100
-801092
-800996
-801088
-801220
-801264
-801144
-801000
-801052
-801164
-801156
-800952
-800952
-800852
-800896
-801024
-800960
-801016
-800996
-801140
-801276
-801312
-801500
-801680
-801600
-801620
-801892
-802080
-802036
-802060
-801940
-802180
-802188
-802188
-802220
-802100
-802160
-802156
-801920
-801528
-801420
-801432
-801132
-801184
-801156
-801184
-801352
-801280
-801292
-801348
-801112
-800932
-801028
-800952
-800916
-800968
-801004
-801104
-801140
-801152
-801172
-801204
-801204
-801148
-801228
-801288
-801404
-801472
-801552
-801580
-801608
-801660
-801476
-801472
-801612
-801600
-801532
-801208
-801228
-801060
-801128
-801172
-801056
-800816
-800760
-800788
-800824
-800924
-800924
-800936
-800848
-800912
-800880
-800952
-800928
-801172
-801228
-801212
-801288
-801296
-801272
-801296
-801128
-801076
-800872
-800844
-801108
-801092
-801048
-801012
-800956
-800980
-800928
-800964
-800972
-800960
-801020
-800996
-801068
-801088
-800868
-801008
-801020
-801216
-801248
-801080
-800708
-800596
-800644
-800740
-800728
-800920
-800960
-800912
-800748
-800608
-800716
-800756
-800724
-800724
-800712
-800888
-800928
-800860
-800912
-800876
-800828
-800684
-800652
-800632
-800644
-800748
-800800
-800812
-800580
-800484
-800436
-800440
-800384
-800228
-800212
-800244
-800044
-799928
-799792
-799772
-799528
-799588
-799560
-799684
-799476
-799480
-799536
-799636
-799664
-799480
-799460
-799496
-799676
-799616
-799648
-799684
-799816
-799844
-799960
-799964
-800144
-800244
-800048
-800108
-800148
-800076
-800316
-800416
-800416
-800388
-800444
-800560
-800704
-800680
-800400
-800528
-800524
-800556
-800432
-800244
-800484
-800440
-800520
-800688
-800720
-800812
-800968
-801028
-801124
-801180
-801080
-801316
-801320
-801316
-801368
-801484
-801460
-801488
-801500
-801664
-801544
-801624
-801724
-801784
-801752
-801648
-801488
-801548
-801600
-801612
-801704
-801832
-801888
-801932
-801724
-801824
-801676
-801620
-801528
-801760
-801644
-801708
-801628
-801612
-801700
-801656
-801628
-801640
-801668
-801564
-801552
-801472
-801256
-801144
-801256
-801156
-801328
-801380
-801540
-801468
-801552
-801600
-801432
-801604
-801628
-801864
-801808
-801812
-801844
-801836
-802052
-802096
-801916
-801888
-801872
-802008
-802044
-802156
-802236
-802208
-802372
-802408
-802344
-802424
-802384
-802388
-802276
-802128
-801992
-801916
-801960
-802076
-801984
-801700
-801684
-801708
-801652
-801768
-801812
-801816
-801848
-801920
-801860
-802036
-801936
-801912
-801920
-801584
-801632
-801684
-801684
-801676
-801768
-801760
-801664
-801492
-801500
-801452
-801380
-801484
-801344
-801344
-801308
-801240
-801120
-801172
-800816
-801088
-801124
-801152
-801220
-801208
-801300
-801268
-801276
-801248
-801244
-801276
-801332
-801328
-801244
-801296
-801448
-801452
-801360
-801252
-801276
-801260
-801196
-801276
-801276
-801376
-801392
-801460
-801476
-801480
-801608
-801148
-801144
-801028
-800952
-800864
-800868
-800848
-801384
-801388
-801344
-801308
-801488
-801548
-801420
-801628
-801644
-801580
-801632
-801504
-801504
-801288
-801388
-801256
-801228
-801508
-801420
-801420
-801412
-801372
-801368
-801384
-801492
-801548
-801572
-801484
-801432
-801504
-801304
-801276
-801404
-801420
-801052
-801212
-801104
-801160
-801292
-801360
-801212
-801236
-801340
-801336
-801252
-801128
-801240
-801208
-801252
-801472
-801608
-801588
-801320
-801244
-801244
-801240
-801032
-800892
-800892
-800816
-800952
-800940
-800832
-800796
-801064
-800984
-800708
-800612
-800580
-800736
-800732
-800848
-800824
-800800
-800644
-800648
-800680
-800720
-800660
-800724
-800724
-800640
-800560
-800632
-800620
-800580
-800800
-800840
-800824
-800872
-800860
-800976
-801040
-801104
-801188
-801048
-801032
-801016
-800920
-800780
-800860
-800836
-800796
-800636
-800408
-800412
-800308
-800400
-800236
-800272
-800248
-800244
-800244
-800456
-800580
-800372
-800340
-800180
-800208
-800184
-800220
-800316
-800232
-800308
-800312
-800464
-800528
-800332
-800176
-800148
-800060
-800036
-800040
-800072
-800112
-800328
-800368
-800300
-800372
-800204
-800168
-800060
-800152
-800348
-800276
-800228
-800228
-800272
-800164
-800276
-800248
-800300
-800268
-800224
-800160
-800076
-800096
-800316
-800216
-800136
-800016
-799864
-799892
-799880
-799776
-799736
-799604
-799688
-799572
-799604
-799416
-799444
-799416
-799360
-799272
-799212
-799272
-799380
-799420
-799412
-799276
-799308
-799336
-799272
-799240
-799264
-799540
-799536
-799540
-799424
-799320
-799352
-799396
-799336
-799388
-799364
-799620
-799600
-799676
-799676
-799808
-799692
-799752
-799848
-799884
-799976
-799724
-799532
-799240
-799192
-799148
-799228
-799200
-799228
-799312
-799380
-799344
-799372
-799448
-799444
-799348
-799348
-799344
-799332
-799328
-799356
-799332
-799244
-799240
-799152
-799180
-799248
-799228
-799308
-798980
-798836
-798844
-798628
-798492
-798592
-798544
-798688
-798592
-798608
-798708
-798724
-798856
-798804
-798820
-798780
-798796
-798756
-798816
-798776
-798772
-798744
-798660
-798704
-798820
-798808
-798880
-798864
-798812
-798760
-798788
-798940
-798892
-798924
-798932
-798908
-798932
-798792
-798828
-798768
-798988
-798984
-798924
-798896
-798648
-798660
-798664
-798664
-798480
-798380
-798212
-798012
-797948
-798012
-798096
-798196
-798196
-798088
-797920
-797924
-797832
-797888
-797920
-797940
-797972
-797828
-797876
-797864
-797808
-797588
-797596
-797604
-797596
-797792
-797864
-797892
-797636
-797568
-797564
-797472
-797688
-797864
-797904
-797844
-797784
-797804
-797872
-797892
-797932
-797908
-797900
-797840
-797920
-797992
-798064
-798104
-798192
-798052
-798028
-797996
-797980
-798164
-798232
-798252
-798220
-798284
-798304
-798272
-798428
-798468
-798456
-798516
-798216
-798340
-798440
-798540
-798588
-798596
-798368
-798432
-798348
-798364
-798360
-798280
-798504
-798584
-798492
-798512
-798448
-798564
-798764
-798720
-798644
-798656
-798536
-798644
-798668
-798612
-798476
-798552
-798620
-798600
-798584
-798556
-798528
-798484
-798488
-798588
-798448
-798456
-798372
-798352
-798432
-798460
-798392
-798436
-798360
-798364
-798380
-798468
-798456
-798512
-798580
-798512
-798464
-798240
-798180
-798176
-798620
-798708
-798492
-798560
-798580
-798580
-798456
-798476
-798444
-798576
-798636
-798688
-798588
-798716
-798584
-798644
-798908
-798876
-798940
-799052
-799156
-799372
-799404
-799332
-799320
-799228
-799224
-799236
-799080
-799124
-799028
-798984
-798868
-798936
-798880
-798936
-798908
-799024
-799192
-799336
-799448
-799232
-799092
-799084
-799060
-799080
-799032
-798972
-799084
-798848
-798816
-798772
-798824
-798816
-798820
-798988
-799044
-798992
-798968
-799100
-799056
-799168
-799120
-799212
-799396
-799352
-799576
-799472
-799532
-799612
-799624
-799612
-799700
-799784
-799684
-799700
-799584
-799480
-799408
-799404
-799296
-799256
-799364
-799300
-799076
-799064
-798976
-798988
-799096
-799164
-799060
-799204
-799364
-799408
-799388
-799368
-799184
-799224
-799308
-799284
-799196
-799204
-799272
-798972
-798940
-798980
-798812
-798860
-798768
-798716
-798856
-798816
-798868
-798904
-798980
-798824
-798856
-799056
-799032
-799116
-799012
-799092
-799108
-799208
-799100
-799080
-798952
-798864
-798712
-798616
-798612
-798712
-798788
-798796
-798796
-798852
-799048
-798848
-798600
-798500
-798456
-798512
-798404
-798344
-798496
-798320
-798376
-798332
-798344
-798296
-798368
-798640
-798760
-798768
-798772
-798840
-798700
-798704
-798676
-798596
-798504
-798624
-798788
-798888
-798908
-798780
-798684
-798696
-798740
-798812
-798664
-798664
-798696
-798624
-798628
-798584
-798532
-798532
-798316
-798344
-798252
-798280
-798348
-798304
-798404
-798036
-798028
-798044
-798076
-798136
-798216
-798212
-798204
-798224
-798052
-797964
-797816
-797728
-797796
-797968
-798036
-798052
-797948
-797956
-798260
-798368
-798560
-798544
-798644
-798752
-798512
-798572
-798660
-798692
-798656
-798592
-798716
-798764
-798776
-798924
-798884
-799144
-799324
-799292
-799312
-799232
-799232
-799260
-799216
-799184
-799216
-799332
-799064
-799060
-799052
-799140
-799176
-799052
-798964
-798828
-798912
-798928
-798932
-798764
-798624
-798664
-798628
-798560
-798576
-798548
-798396
-798360
-798420
-798252
-798144
-798172
-798124
-798120
-798132
-798080
-798056
-798044
-797804
-797688
-797768
-797788
-797812
-797796
-797972
-798000
-798128
-798060
-798008
-797912
-798036
-798084
-798068
-798132
-798068
-798152
-798052
-797952
-798020
-797868
-797848
-797652
-797596
-797484
-797576
-796944
-796848
-796600
-796408
-796376
-796448
-796580
-796556
-796536
-796508
-796480
-796532
-796520
-796444
-796272
-796268
-796216
-796284
-796252
-796308
-796280
-796280
-796164
-796296
-796336
-796332
-796420
-796316
-796380
-796252
-796208
-796288
-796304
-796244
-796244
-796244
-796184
-796104
-796036
-796120
-796096
-796188
-796108
-796124
-796232
-796240
-796184
-796176
-796252
-796068
-796272
-796288
-796180
-796172
-796120
-796224
-796284
-796364
-796428
-796292
-796296
-796156
-795980
-796140
-796284
-796240
-796084
-795848
-795960
-795800
-795748
-795680
-795856
-795920
-795892
-795948
-795872
-795636
-795712
-795836
-795788
-795804
-795788
-795816
-795708
-795804
-795740
-795884
-796020
-796028
-795952
-795980
-795924
-795908
-795804
-795940
-795956
-796180
-796100
-795992
-795864
-795804
-795884
-796028
-795996
-796028
-795896
-795840
-796092
-796280
-796056
-796096
-795732
-795688
-795768
-795716
-795600
-795552
-795432
-795528
-795452
-795432
-795544
-795472
-795600
-795752
-795864
-796060
-796000
-795928
-795700
-795728
-795748
-795736
-795632
-795592
-795588
-795600
-795600
-795580
-795556
-795800
-795808
-795680
-795616
-795472
-795304
-795092
-795256
-795252
-795076
-795304
-795336
-795196
-795232
-795184
-795544
-795620
-795552
-795664
-795720
-795796
-795876
-795832
-796160
-796288
-796260
-796224
-796196
-796168
-796296
-796224
-796292
-796444
-796380
-796340
-796288
-796704
-796660
-796628
-796796
-796744
-796692
-796692
-796712
-796764
-796976
-797020
-797012
-796948
-796844
-796548
-796496
-796500
-796452
-796388
-796492
-796496
-796976
-797076
-797080
-797084
-796988
-796916
-796908
-796888
-796888
-796912
-796760
-796768
-796736
-796840
-796752
-796736
-796812
-796652
-796736
-796760
-796896
-796868
-796808
-796764
-796320
-796224
-796224
-796440
-796352
-796400
-796452
-796440
-796480
-796400
-796416
-796440
-796216
-796196
-796116
-796152
-796036
-796028
-795972
-795996
-795800
-795688
-795652
-795908
-795960
-796004
-795840
-795756
-795688
-795704
-795760
-795768
-795796
-795812
-795720
-795604
-795612
-795596
-795568
-795968
-795844
-795908
-796060
-795952
-796140
-796108
-796200
-796212
-795984
-796000
-795896
-796020
-796164
-796216
-796196
-796232
-796216
-796244
-796292
-796336
-796388
-796252
-796260
-796244
-796200
-796012
-795988
-796080
-795928
-795780
-795716
-795732
-795516
-795260
-795348
-795332
-795232
-795512
-795492
-795480
-795480
-795680
-795752
-795928
-795936
-796004
-796036
-795972
-796176
-796232
-796088
-796100
-795868
-796020
-796108
-795956
-795880
-795856
-796012
-795792
-795752
-795840
-796032
-795960
-796080
-796164
-796208
-796480
-796524
-796404
-796444
-796544
-796524
-796432
-796416
-796296
-796272
-796288
-796076
-796060
-796028
-795916
-795892
-795688
-795692
-795668
-795812
-795568
-795536
-795588
-795568
-795480
-795352
-795364
-795132
-795156
-795092
-795076
-795180
-795428
-795552
-795572
-795780
-795688
-795640
-795584
-795676
-795776
-795648
-795764
-795736
-795652
-795724
-795748
-795776
-795748
-795724
-795820
-795868
-795912
-795872
-795716
-795772
-795984
-795956
-796016
-796092
-795896
-795792
-795792
-795804
-795844
-795792
-796008
-796256
-796228
-796320
-796316
-796240
-796220
-796356
-796264
-796236
-796332
-796176
-796128
-796092
-796068
-796164
-796148
-796160
-796432
-796452
-796384
-796296
-796164
-796084
-796044
-796140
-796168
-796140
-796448
-796372
-796696
-796884
-796820
-797068
-797252
-797012
-797188
-797260
-797284
-797320
-797364
-797304
-797184
-797236
-797192
-797228
-797160
-797360
-797208
-797168
-797196
-797192
-797140
-797228
-797316
-797416
-797440
-797440
-797424
-797464
-797508
-797592
-797484
-797448
-797400
-797416
-797456
-797528
-797632
-797660
-797652
-797536
-797544
-797784
-797924
-797880
-797784
-797700
-797732
-797576
-797520
-797416
-797568
-797636
-797668
-797772
-797776
-797880
-797824
-797664
-797764
-797760
-797752
-797676
-797776
-797768
-797788
-797824
-797644
-797776
-797796
-798148
-798208
-798128
-798260
-798100
-798268
-798276
-798384
-798328
-798344
-798376
-798392
-798556
-798528
-798504
-798432
-798400
-798640
-798604
-798704
-798592
-798616
-798564
-798640
-798724
-798708
-798700
-798504
-798716
-798656
-798572
-798384
-798504
-798456
-798504
-798436
-798456
-798484
-798696
-798556
-798288
-798228
-798284
-798228
-798140
-798200
-798104
-797892
-797996
-798052
-798000
-798028
-798072
-798292
-798276
-798408
-798232
-798384
-798320
-798032
-798192
-798252
-798288
-798128
-798136
-798220
-798268
-798284
-798260
-798232
-798268
-798296
-798276
-797992
-798348
-798324
-798436
-798504
-798488
-798516
-798388
-798348
-798248
-798104
-798168
-798236
-798256
-798552
-798612
-798560
-798576
-798592
-798592
-798672
-798704
-798792
-798616
-798540
-798064
-798140
-798212
-798184
-798236
-797976
-798116
-798196
-798088
-798044
-797924
-797936
-797944
-797840
-797828
-797744
-797760
-797916
-797908
-798084
-797992
-797992
-798156
-798080
-798064
-798100
-798208
-798156
-798092
-798152
-798256
-798316
-798300
-798328
-798264
-798220
-798240
-798328
-798280
-798216
-798132
-798156
-798160
-798188
-798136
-798168
-798264
-798324
-798368
-798516
-798556
-798368
-798472
-798844
-798724
-798664
-798628
-798616
-798288
-798308
-797904
-797804
-797700
-797568
-797512
-797356
-797344
-797388
-797440
-797536
-797616
-797660
-797896
-797916
-797952
-798148
-798064
-798080
-798112
-798128
-798112
-797912
-797948
-797660
-797688
-797680
-797644
-797520
-797640
-797920
-797960
-797996
-798008
-797992
-797988
-797960
-798088
-798236
-797988
-797904
-797828
-797748
-797880
-798092
-798124
-797908
-797868
-797808
-797824
-797912
-797896
-797900
-797960
-797828
-797756
-797604
-797668
-797592
-797548
-797728
-797640
-797536
-797608
-797596
-797624
-797564
-797708
-797724
-797644
-797660
-797660
-797480
-797608
-797476
-797512
-797120
-797020
-797032
-797156
-796948
-797036
-796940
-796932
-796972
-796800
-796808
-796700
-796728
-796648
-796740
-796716
-796780
-796632
-796704
-796684
-796680
-796680
-796776
-796744
-796784
-796928
-797064
-797028
-797420
-797412
-797324
-797348
-797276
-797520
-797508
-797468
-797316
-797448
-797512
-797332
-797456
-797544
-797544
-797808
-797776
-797496
-797444
-797592
-797532
-797380
-797444
-797460
-797712
-797640
-797636
-797668
-797672
-797864
-797856
-797668
-797504
-797512
-797468
-797432
-797412
-797580
-797400
-797352
-797388
-797512
-797396
-797276
-797328
-797220
-797304
-797432
-797504
-797628
-797784
-797804
-797820
-797904
-797788
-797812
-797612
-797536
-797416
-797484
-797580
-797680
-797660
-797672
-797680
-797528
-797616
-797640
-797572
-797508
-797460
-797404
-797372
-797208
-797168
-797380
-797368
-797344
-797356
-797444
-797556
-797696
-797664
-797772
-797736
-797736
-797984
-797924
-797916
-797884
-797640
-797704
-797612
-797676
-797632
-797576
-797864
-797916
-797864
-797860
-797900
-797844
-797756
-797700
-797768
-797832
-797896
-797792
-797748
-797992
-797960
-797936
-797784
-797904
-797824
-797560
-797484
-797448
-797516
-797616
-797524
-797432
-797420
-797436
-797580
-797528
-797396
-797544
-797428
-797412
-797304
-797248
-797184
-797112
-797000
-797132
-797160
-797172
-797200
-797068
-796776
-796584
-796380
-796416
-796364
-796304
-796340
-796220
-796284
-796336
-796324
-796228
-795936
-795832
-795876
-795940
-795876
-795804
-796032
-796068
-796176
-796288
-796296
-795968
-796080
-796024
-796088
-796160
-796248
-796356
-796116
-796060
-796008
-795940
-796056
-796168
-796228
-796284
-796248
-796316
-796392
-796532
-796464
-796356
-796284
-796196
-796236
-796328
-796284
-796312
-796352
-796360
-796400
-796436
-796396
-796380
-796492
-796456
-796180
-796420
-796396
-796260
-796264
-796256
-796300
-796572
-796648
-796764
-796912
-796912
-796924
-796912
-796888
-796840
-796860
-796844
-796880
-796880
-796796
-796840
-796968
-796996
-797028
-797012
-797048
-797260
-797360
-797372
-797424
-797428
-797528
-797768
-797724
-797668
-797704
-797784
-797824
-797944
-798100
-798092
-797860
-797896
-797968
-798140
-798152
-797856
-797972
-797976
-797940
-797820
-797804
-797772
-797788
-797780
-797812
-797884
-797792
-797628
-797632
-797712
-797780
-797868
-797860
-797752
-797856
-797804
-797844
-798140
-798156
-798088
-797976
-797928
-798068
-797892
-797876
-797944
-797772
-797756
-797736
-797624
-797740
-797540
-797456
-797536
-797460
-797544
-797572
-797604
-797608
-797692
-797644
-797588
-797704
-797740
-797732
-797584
-797588
-797492
-797484
-797504
-797520
-797328
-797496
-797476
-797164
-797204
-797052
-797024
-797108
-796992
-796988
-797152
-797176
-797156
-797020
-796904
-796848
-796800
-796820
-796868
-796952
-796960
-797004
-796884
-796824
-796872
-796972
-796860
-796840
-796944
-796968
-796964
-797068
-797064
-797068
-797204
-797204
-797316
-797284
-797276
-797128
-797332
-797240
-797332
-797504
-797332
-797480
-797496
-797316
-797356
-797160
-797148
-797036
-796888
-796908
-796828
-796892
-796892
-796848
-797048
-797032
-796904
-796904
-797008
-797160
-797224
-797184
-797192
-797252
-797128
-797236
-797160
-797232
-797288
-797240
-797116
-797100
-797056
-797240
-797228
-797172
-797172
-797148
-797096
-797108
-797004
-797084
-797180
-797268
-797204
-797264
-797344
-797408
-797496
-797576
-797640
-797388
-797212
-797060
-796904
-797208
-797132
-797116
-796980
-796884
-796696
-796788
-796820
-796688
-796704
-796728
-796664
-796688
-796464
-796408
-796288
-796436
-796612
-796804
-796816
-796912
-797000
-796928
-796704
-796892
-796900
-797028
-796992
-797136
-797116
-797124
-797356
-797404
-797528
-797496
-797720
-797816
-797876
-797900
-797860
-797788
-797860
-797876
-797744
-797648
-797564
-797692
-797740
-797580
-797564
-797700
-797780
-797736
-797716
-797696
-797708
-797520
-797480
-797376
-797384
-797472
-797404
-797316
-797320
-797180
-797164
-797280
-797356
-797296
-797292
-797432
-797416
-797364
-797432
-797400
-797468
-797328
-797348
-797432
-797548
-797564
-797572
-797572
-797608
-797484
-797452
-797620
-797632
-797648
-797732
-797792
-797772
-797696
-797796
-797908
-797688
-797772
-797792
-797828
-797876
-797856
-797908
-797944
-797848
-797756
-797648
-797572
-797676
-797828
-797712
-797816
-797756
-797492
-797696
-797876
-798140
-798164
-798176
-798284
-798300
-798284
-798116
-798200
-798244
-798332
-798300
-798112
-798376
-798476
-798472
-798484
-798496
-798480
-798636
-798532
-798596
-798784
-798712
-798628
-798652
-798752
-798592
-798732
-798828
-798796
-798692
-798792
-798884
-798948
-798884
-798996
-799064
-799200
-799260
-799224
-799164
-799156
-799160
-799316
-799192
-799000
-798972
-798860
-798980
-798920
-799028
-798924
-798936
-799160
-799036
-798916
-798812
-798944
-799108
-799336
-799400
-799092
-799148
-799216
-798928
-798936
-798968
-798736
-798704
-798612
-798580
-798700
-798740
-798720
-798768
-798824
-798768
-798536
-798412
-798420
-798384
-798288
-798224
-798116
-798164
-797936
-797980
-798044
-797988
-798000
-797896
-797928
-797852
-797832
-797720
-797784
-797700
-797744
-797792
-797764
-797732
-797900
-797820
-797752
-797864
-797932
-797864
-797800
-797840
-797860
-797576
-797468
-797512
-797500
-797436
-797380
-797168
-796788
-796688
-796568
-796696
-796748
-796708
-796644
-796552
-796564
-796456
-796492
-796488
-796488
-796608
-796556
-796440
-796452
-796220
-796132
-796084
-795968
-796000
-796004
-795708
-795724
-795668
-795600
-795484
-795384
-795404
-795460
-795572
-795720
-795752
-795752
-795812
-795844
-795764
-795756
-795608
-795740
-795932
-795712
-795584
-795604
-795624
-795572
-795736
-795628
-795652
-795856
-795976
-795940
-796060
-795736
-795844
-795892
-795836
-795900
-795768
-795784
-795712
-795664
-795704
-795596
-795596
-795736
-795684
-795696
-795824
-795864
-795988
-795956
-795940
-795984
-796052
-796196
-796024
-796124
-796284
-796356
-796388
-796360
-796440
-796600
-796684
-796576
-796548
-796340
-796348
-796420
-796628
-796592
-796488
-796584
-796224
-796284
-796168
-796164
-796412
-796416
-796376
-796496
-796420
-796380
-796456
-796440
-796448
-796548
-796440
-796416
-796468
-796456
-796284
-796440
-796372
-796288
-796376
-796416
-796516
-796524
-796380
-796172
-796172
-796424
-796320
-796308
-796392
-796456
-796384
-796444
-796496
-796420
-796480
-796452
-796456
-796392
-796512
-796488
-796476
-796416
-796508
-796604
-796484
-796416
-796348
-796380
-796552
-796524
-796480
-796444
-796456
-796552
-796356
-796592
-796560
-796488
-796472
-796460
-796424
-796376
-796340
-796356
-796496
-796512
-796440
-796628
-796380
-796476
-796492
-796288
-796372
-796412
-796384
-796364
-796452
-796360
-796340
-796176
-796168
-796180
-796152
-796248
-796260
-796088
-796188
-796208
-796280
-796212
-796248
-796372
-796092
-796328
-796552
-796492
-796404
-796424
-796460
-796512
-796428
-796352
-796408
-796264
-796252
-796276
-796344
-796476
-796504
-796596
-796484
-796508
-796404
-796392
-796404
-796440
-796484
-796496
-796472
-796300
-796260
-796172
-796160
-796020
-796068
-796160
-796088
-795916
-795944
-795952
-795904
-796024
-796096
-796012
-795944
-796000
-796032
-795824
-795688
-795692
-795684
-795808
-795640
-795628
-795820
-795880
-795940
-795996
-795968
-795880
-795880
-795956
-795904
-795744
-795508
-795512
-795428
-795452
-795640
-795556
-795680
-795776
-795620
-795764
-795736
-795784
-795648
-795612
-795628
-795768
-795844
-795916
-795832
-796140
-796000
-795992
-796100
-796028
-796004
-796140
-796380
-796492
-796612
-796672
-796620
-796592
-796704
-796928
-796904
-797212
-797480
-797216
-797192
-796956
-797000
-797048
-797072
-797112
-797032
-796800
-796816
-796716
-796708
-796696
-796852
-796900
-796992
-796868
-796952
-796820
-796772
-796928
-796908
-796868
-796920
-797148
-797044
-796968
-796960
-796896
-796932
-796800
-796872
-796960
-796724
-796748
-796772
-796820
-796920
-797156
-797084
-797256
-797164
-797076
-797104
-797092
-797016
-796932
-796916
-796988
-796904
-797080
-797124
-797084
-796996
-796980
-796844
-796892
-797172
-797260
-797148
-797148
-797064
-797088
-797188
-797120
-797184
-797316
-797112
-797200
-797440
-797460
-797328
-797416
-797544
-797500
-797432
-797392
-797316
-797472
-797460
-797444
-797568
-797508
-797448
-797508
-797544
-797596
-797612
-797696
-797644
-797540
-797660
-797708
-797780
-797676
-797788
-798068
-798108
-798072
-798232
-798064
-798064
-798260
-798496
-798604
-798608
-798624
-798832
-798856
-798764
-798668
-799056
-799068
-799048
-798956
-798996
-799064
-799184
-799248
-799212
-798984
-798864
-798992
-799060
-799180
-799180
-799276
-799292
-799192
-799180
-799216
-799224
-799116
-799132
-798936
-799088
-799216
-799172
-799236
-799208
-799340
-799236
-799176
-799328
-799252
-799316
-799468
-799476
-799368
-799420
-799456
-799340
-799392
-799320
-799316
-799440
-799504
-799616
-799588
-799540
-799624
-799616
-799592
-799572
-799524
-799556
-799468
-799256
-799312
-799504
-799428
-799376
-799336
-799124
-799172
-799068
-799076
-798984
-799172
-799240
-799168
-799276
-799448
-799556
-799376
-799276
-799204
-799352
-799364
-799368
-799372
-799472
-799528
-799496
-799396
-799396
-799580
-799528
-799524
-799520
-799364
-799388
-799440
-799360
-799348
-799216
-799188
-799152
-799260
-799120
-799092
-799056
-799108
-799116
-799108
-799064
-799112
-799064
-799068
-799068
-798948
-798912
-798904
-799048
-798880
-798868
-798632
-798688
-798756
-798724
-798716
-798684
-798748
-798672
-798876
-798924
-798944
-799040
-799036
-799140
-799096
-799156
-799136
-799160
-799068
-799092
-799228
-799160
-799024
-798924
-798908
-798900
-798884
-798908
-798908
-798772
-798884
-798992
-799048
-799044
-799036
-799008
-798944
-799032
-799088
-799088
-799056
-799076
-799112
-798988
-798864
-798664
-798524
-798552
-798524
-798348
-798368
-798356
-798236
-798408
-798304
-798348
-798228
-798452
-798480
-798432
-798604
-798696
-798728
-798744
-798788
-798912
-798968
-799004
-799044
-799148
-799040
-799408
-799448
-799624
-799552
-799560
-799612
-799668
-799624
-799692
-799684
-799648
-799568
-799644
-799692
-799600
-799628
-799664
-799668
-799568
-799352
-799416
-799364
-799292
-799432
-799432
-799496
-799548
-799460
-799420
-799348
-799528
-799764
-799760
-799640
-799712
-799468
-799488
-799488
-799496
-799444
-799408
-799496
-799500
-799424
-799432
-799324
-799352
-799404
-799552
-799704
-799536
-799360
-799456
-799284
-799244
-799260
-799164
-799092
-799028
-798788
-798612
-798712
-798684
-798512
-798464
-798216
-798256
-798276
-798288
-798652
-798596
-798612
-798648
-798504
-798668
-798732
-798832
-798760
-798724
-798744
-798716
-798628
-798496
-798732
-798680
-798608
-798532
-798400
-798480
-798616
-798592
-798552
-798560
-798508
-798396
-798548
-798704
-798632
-798920
-798948
-798740
-798652
-798680
-798568
-798656
-798640
-798708
-798736
-798636
-798568
-798480
-798704
-798748
-798864
-798812
-798928
-798896
-799032
-798812
-798660
-798596
-798540
-798540
-798512
-798332
-798228
-798148
-798184
-798308
-798776
-798976
-798944
-798956
-798984
-799240
-799256
-799260
-799172
-799140
-799336
-799232
-799220
-799244
-799124
-799196
-799260
-799152
-799248
-799564
-799648
-799708
-799656
-799668
-799696
-799876
-799992
-799952
-799712
-799844
-799808
-799720
-799708
-799916
-799996
-800036
-800120
-800148
-800180
-800220
-800052
-800016
-799924
-799896
-799900
-799576
-799560
-799500
-799460
-799472
-799456
-799496
-799524
-799504
-799524
-799408
-799308
-799404
-799420
-799564
-799540
-799504
-799660
-799516
-799424
-799416
-799560
-799592
-799572
-799528
-799600
-799596
-799444
-799424
-799336
-799280
-799156
-799168
-799132
-799032
-799104
-799308
-799376
-799416
-799444
-799436
-799440
-799444
-799428
-799468
-799268
-799304
-799400
-799336
-799412
-799392
-799368
-799308
-799308
-799196
-799100
-799108
-798916
-798748
-798832
-798912
-798880
-798888
-798900
-798848
-798944
-798864
-798816
-798780
-798704
-798640
-798716
-798824
-799128
-799124
-799188
-799216
-799276
-799260
-799196
-799144
-799188
-799196
-799128
-798868
-798944
-798944
-798900
-798968
-798948
-798968
-799020
-798964
-799072
-799192
-799292
-799320
-799204
-799212
-799232
-799232
-799128
-798884
-799164
-799200
-799076
-799036
-799152
-799084
-799092
-799208
-799356
-799396
-799392
-799316
-799128
-799072
-799164
-799580
-799668
-799724
-799888
-800108
-800104
-800060
-800192
-800180
-800404
-800440
-800524
-800496
-800648
-800672
-800556
-800536
-800504
-800428
-800520
-800544
-800480
-800300
-800252
-800332
-800344
-800300
-800276
-800348
-800420
-800264
-800228
-800144
-800092
-800028
-800088
-799840
-800176
-800240
-800196
-800224
-800116
-799924
-800024
-799884
-799760
-799852
-799936
-799960
-799916
-799960
-799976
-799932
-799836
-799832
-799704
-799696
-799596
-799468
-799448
-799320
-799244
-799272
-799036
-798908
-798880
-798800
-798848
-798876
-798728
-798736
-798620
-798592
-798496
-798532
-798568
-798592
-798648
-798568
-798440
-798316
-798124
-798048
-798260
-798072
-798080
-798144
-798104
-798140
-797960
-797808
-797800
-797844
-797928
-797960
-798020
-797988
-797920
-797764
-798020
-798156
-798148
-798092
-798172
-798204
-798052
-798060
-798016
-797984
-798064
-798096
-797996
-798000
-798144
-798084
-798136
-798052
-798220
-798176
-798140
-798112
-798176
-798092
-798156
-798216
-798264
-798292
-798224
-798220
-798400
-798528
-798600
-798488
-798452
-798472
-798632
-798832
-798868
-799056
-799024
-798904
-798988
-798912
-798912
-798820
-798896
-798968
-798836
-798724
-798816
-798956
-798876
-798844
-798740
-798844
-798936
-799092
-799100
-799040
-799152
-799048
-798904
-799096
-799060
-799156
-799196
-799200
-799088
-799148
-799340
-799164
-799056
-799372
-799452
-799504
-799608
-799488
-799584
-799552
-799512
-799504
-799464
-799304
-799420
-799564
-799624
-799704
-799792
-799660
-799572
-799656
-799676
-799392
-799348
-799380
-799420
-799544
-799652
-800084
-800152
-800220
-800348
-800420
-800592
-800524
-800540
-800612
-800356
-800272
-800308
-800056
-800100
-800064
-800132
-800132
-800236
-800416
-800328
-800360
-800352
-800332
-800244
-800364
-800348
-800300
-800308
-800152
-800220
-800224
-800140
-800072
-800060
-800036
-800160
-800064
-800192
-800076
-800260
-800112
-800100
-800136
-800092
-800088
-799976
-799840
-799952
-799996
-799992
-799856
-799848
-799716
-799792
-799676
-799844
-799920
-800024
-799988
-800024
-800036
-800244
-800420
-800588
-800568
-800592
-800600
-800524
-800500
-800316
-800288
-800344
-800420
-800492
-800624
-800692
-800728
-800704
-800504
-800628
-800764
-800792
-800724
-800748
-800668
-800776
-800812
-800900
-800900
-800924
-800684
-800724
-800732
-800716
-800808
-800692
-800756
-800612
-800544
-800468
-800548
-800528
-800520
-800616
-800580
-800432
-800336
-800372
-800380
-800256
-800304
-800356
-800280
-800200
-800248
-800400
-800448
-800340
-800284
-800164
-800008
-799988
-799996
-800184
-800096
-800468
-800536
-800432
-800464
-800444
-800304
-800164
-800336
-800412
-800468
-800624
-800224
-800140
-800040
-800004
-800228
-800064
-800020
-799856
-799736
-799728
-799724
-799672
-799452
-799488
-799436
-799380
-799368
-799468
-799316
-799256
-799228
-799228
-799188
-799100
-799064
-799224
-799404
-799432
-799492
-799388
-799424
-799352
-799340
-799548
-799460
-799484
-799496
-799552
-799552
-799684
-799712
-799856
-799952
-799892
-799820
-799688
-799800
-799760
-799804
-799644
-799620
-799548
-799460
-799416
-799488
-799540
-799340
-799436
-799412
-799436
-799444
-799436
-799300
-799244
-799332
-799428
-799404
-799348
-799428
-799452
-799500
-799528
-799436
-799440
-799360
-799376
-799468
-799504
-799276
-799224
-799048
-799112
-799160
-799256
-799232
-799396
-799448
-799416
-799272
-799256
-799376
-799432
-799548
-799464
-799488
-799500
-799668
-799880
-799916
-799900
-799796
-799832
-799712
-799736
-799768
-799836
-799616
-799564
-799660
-799916
-799972
-800096
-800032
-800000
-799900
-799784
-799740
-799772
-799720
-799712
-799728
-799760
-800164
-800008
-799964
-799836
-799892
-800000
-799912
-799848
-799940
-799968
-799996
-800120
-800228
-800288
-800260
-800244
-800384
-800424
-800320
-800348
-800248
-800212
-800252
-800084
-800132
-800236
-800160
-800208
-800144
-800284
-800356
-800364
-800408
-800484
-800552
-800672
-800664
-800652
-800684
-800668
-800536
-800576
-800372
-800280
-800036
-799964
-799828
-799820
-799876
-799960
-799876
-799820
-799864
-799768
-799476
-799596
-799616
-799656
-799784
-799708
-799828
-799768
-799868
-799756
-799720
-799708
-799604
-799632
-799620
-799444
-799440
-799500
-799436
-799532
-799596
-799492
-799644
-799720
-799692
-799452
-799428
-799404
-799412
-799192
-799184
-799020
-798888
-798924
-798948
-798956
-798772
-798880
-799260
-799368
-799304
-799328
-799356
-799516
-799496
-799504
-799444
-799412
-799416
-799396
-799396
-799444
-799412
-799444
-799476
-799668
-799680
-799832
-799920
-799984
-799972
-799928
-799852
-799844
-799760
-799584
-799528
-799452
-799556
-799612
-799768
-799952
-800140
-800228
-800116
-800076
-800076
-800112
-799972
-800004
-800028
-799968
-799968
-799708
-799696
-799596
-799452
-799492
-799324
-799332
-799456
-799428
-799540
-799468
-799432
-799496
-799512
-799604
-799440
-799340
-799212
-799228
-799184
-799328
-799280
-799428
-799336
-799244
-799248
-799020
-799308
-799364
-799272
-799284
-799240
-799296
-799348
-799416
-799424
-799356
-799320
-799332
-799380
-799400
-799568
-799620
-799740
-799940
-799796
-799788
-799816
-799904
-799788
-799724
-799752
-799768
-799704
-799652
-799700
-799432
-799564
-799504
-799512
-799532
-799528
-799624
-799764
-799620
-799616
-799608
-799492
-799564
-799536
-799372
-799364
-799308
-799460
-799592
-799576
-799592
-799680
-799588
-799452
-799472
-799444
-799456
-799504
-799464
-799424
-799112
-798968
-798924
-798940
-799020
-798948
-798900
-798752
-798816
-798720
-798548
-798636
-798484
-798300
-798248
-798188
-798404
-798520
-798580
-798564
-798380
-798684
-798752
-798596
-798580
-798620
-798936
-798896
-798784
-798424
-798348
-798252
-798112
-798028
-798104
-798112
-798204
-798280
-798196
-798264
-798228
-798152
-798228
-798024
-797980
-797844
-797684
-797728
-797708
-797732
-797720
-797780
-797776
-797712
-797808
-797680
-797660
-797760
-797832
-798040
-798100
-798128
-798208
-798388
-798336
-798380
-798416
-798456
-798308
-798304
-798344
-798388
-798460
-798416
-798600
-798628
-798616
-798324
-798192
-798240
-798300
-798264
-798320
-798484
-798312
-798364
-798344
-798228
-798088
-797976
-797980
-798148
-798244
-798248
-798220
-798196
-798064
-798100
-797972
-797864
-797968
-798016
-797976
-797896
-797772
-798136
-798140
-798252
-798408
-798428
-798324
-798316
-798316
-798384
-798172
-798164
-798204
-798236
-798092
-798156
-798316
-798352
-798196
-798044
-798144
-798116
-798180
-798316
-798240
-798508
-798680
-798696
-798612
-798500
-798616
-798536
-798312
-798264
-798288
-798292
-798104
-798080
-797884
-797744
-797788
-797712
-797824
-797896
-797880
-797860
-798084
-798184
-798300
-798384
-798364
-798320
-798464
-798520
-798468
-798568
-798716
-798568
-798612
-798556
-798520
-798436
-798488
-798536
-798596
-798808
-798692
-798828
-798820
-798732
-798824
-798828
-798816
-798800
-798660
-798672
-798540
-798512
-798444
-798396
-798284
-798320
-798548
-798540
-798180
-798076
-798052
-798072
-797968
-797748
-797864
-797844
-797992
-797992
-798028
-798144
-798052
-797920
-797932
-797948
-797800
-797720
-797672
-797600
-797584
-797680
-797632
-797452
-797472
-797408
-797316
-797704
-797640
-797632
-797816
-797932
-797868
-797944
-798104
-797996
-797876
-797760
-797708
-797744
-797816
-797840
-797820
-797784
-797816
-797876
-797896
-798124
-797956
-797932
-797864
-797916
-797916
-797964
-797932
-797872
-797916
-797896
-797720
-797808
-797680
-797736
-797736
-797780
-797720
-797624
-797252
-797180
-797400
-797384
-797472
-797376
-797420
-797384
-797288
-797140
-796940
-796788
-796788
-796856
-796712
-796656
-796624
-796712
-796664
-796700
-796628
-796620
-796456
-796496
-796676
-796704
-796720
-796844
-796832
-796892
-796924
-796860
-796924
-797064
-797168
-797112
-797092
-797028
-797220
-797112
-797164
-797252
-797084
-796988
-797008
-797116
-797168
-797204
-797196
-797404
-797228
-797244
-797236
-797264
-797408
-797384
-797332
-797416
-797460
-797364
-797456
-797536
-797448
-797544
-797472
-797640
-797648
-797628
-797704
-797840
-797908
-797888
-797904
-798052
-798052
-798120
-798088
-797956
-797984
-798080
-798208
-798048
-797980
-797760
-797652
-797700
-797836
-797800
-797596
-797532
-797560
-797472
-797460
-797436
-797436
-797388
-797884
-797792
-797892
-798056
-798048
-798056
-798168
-798156
-798204
-798132
-798140
-798080
-798212
-798220
-798196
-798220
-798284
-798264
-798248
-798212
-798052
-797776
-797784
-797936
-798020
-798040
-797984
-797888
-797856
-797920
-797880
-797796
-797676
-798052
-798116
-798080
-797928
-798076
-797896
-797788
-797688
-797808
-797572
-797596
-797724
-797724
-797580
-797600
-797648
-797576
-797504
-797684
-797708
-797652
-797596
-797540
-797536
-797636
-797736
-797684
-797568
-797516
-797652
-797728
-797860
-797748
-797704
-797604
-797592
-797716
-797664
-797724
-797808
-797936
-798012
-797920
-797816
-797708
-797752
-797600
-797592
-797540
-797472
-797344
-797492
-797416
-797392
-797632
-797536
-797812
-797704
-797888
-797788
-797812
-797828
-797920
-798040
-798000
-798200
-798220
-798160
-798112
-798072
-798180
-798104
-798272
-798404
-798384
-798660
-798684
-798640
-798232
-798200
-798164
-798224
-798176
-798200
-798268
-798348
-798112
-798172
-798036
-798172
-798320
-798540
-798536
-798528
-798724
-798952
-798968
-798992
-798948
-798700
-798648
-798744
-798740
-798732
-798684
-798804
-798856
-798760
-798628
-798688
-798688
-798640
-798708
-798820
-798860
-799060
-798824
-798972
-798952
-798900
-798908
-798928
-798832
-798888
-798876
-799036
-799096
-799152
-798956
-798896
-799016
-799092
-799072
-798984
-798856
-798748
-798716
-798644
-798688
-798684
-798600
-798680
-798668
-798588
-798736
-798680
-798656
-798784
-798884
-798912
-798992
-798912
-798904
-798736
-798852
-798944
-798912
-798952
-799044
-798976
-798972
-798864
-798976
-798960
-798836
-799052
-799100
-799236
-799208
-799180
-799152
-799260
-799364
-799320
-799228
-799436
-799412
-799424
-799400
-799412
-799440
-799472
-799552
-799736
-799728
-799660
-799584
-799620
-799656
-799664
-799716
-799872
-799884
-799884
-799884
-799848
-799780
-799936
-799868
-800000
-800068
-799900
-799660
-799708
-799624
-799656
-799624
-799560
-799332
-799304
-799272
-799380
-799452
-799476
-799564
-799480
-799460
-799472
-799464
-799604
-799816
-799916
-799832
-799904
-799884
-799896
-799984
-799944
-800004
-800092
-800176
-800260
-800348
-800288
-800420
-800516
-800488
-800512
-800392
-800544
-800608
-800580
-800696
-800900
-800800
-800688
-800604
-800628
-800644
-800652
-800660
-800400
-800340
-800272
-800136
-800032
-800156
-800076
-799880
-799636
-799752
-799808
-799720
-799712
-799884
-799716
-799684
-799840
-799680
-799548
-799496
-799280
-799156
-799304
-799308
-799236
-798968
-799072
-799052
-799032
-799100
-799096
-798956
-798940
-798992
-798984
-799032
-799104
-799264
-799244
-799184
-799008
-799024
-799084
-798916
-798948
-799016
-798964
-798948
-798764
-798764
-798692
-798716
-798752
-798768
-798844
-798824
-798828
-798756
-798796
-798752
-798836
-798832
-798800
-798920
-799072
-799036
-799100
-799028
-798972
-799016
-798976
-799056
-799204
-799192
-799140
-799276
-799516
-799452
-799380
-799108
-799092
-798984
-798924
-798908
-798860
-798676
-798548
-798736
-798664
-798624
-798544
-798660
-798592
-798628
-798528
-798436
-798304
-798212
-798184
-798012
-798020
-797900
-797956
-798084
-798184
-798008
-797896
-797864
-797848
-797868
-797832
-797800
-797984
-798024
-798040
-798044
-798276
-798444
-798596
-798480
-798400
-798272
-797980
-798024
-798024
-798112
-798112
-798108
-798100
-798092
-797952
-797868
-797672
-797668
-797684
-797664
-797656
-797624
-797676
-797588
-797480
-797364
-797344
-797524
-797624
-797584
-797584
-797532
-797568
-797516
-797484
-797524
-797540
-797560
-797524
-797524
-797600
-797656
-797836
-797764
-797784
-797736
-797824
-797868
-798008
-798020
-797956
-798052
-798116
-798084
-798208
-798196
-798076
-798104
-798136
-798256
-798440
-798396
-798444
-798276
-798344
-798524
-798360
-798164
-798224
-798216
-797956
-798036
-798120
-798376
-798324
-798320
-798292
-798364
-798348
-798444
-798432
-798484
-798416
-798568
-798580
-798460
-798532
-798692
-798600
-798724
-798668
-798500
-798420
-798512
-798544
-798604
-798560
-798512
-798360
-798364
-798136
-798204
-798316
-798220
-798316
-798376
-798240
-798744
-798736
-798916
-798960
-798996
-798936
-799032
-798980
-799036
-798816
-798880
-798872
-798648
-798620
-798748
-798744
-798796
-798844
-798896
-798852
-798804
-798804
-798856
-798896
-798980
-798956
-798876
-798796
-798860
-798836
-798804
-798800
-798824
-798660
-798984
-798856
-798772
-798728
-798708
-798680
-798692
-798856
-799004
-798968
-798908
-798928
-798956
-799028
-799168
-799148
-799092
-799176
-799088
-799112
-799128
-799336
-799264
-799212
-799172
-799048
-799040
-799088
-798932
-798836
-798584
-798552
-798600
-798712
-798680
-798684
-798864
-798820
-798872
-798988
-799056
-799076
-799144
-799244
-799464
-799672
-799792
-799640
-799632
-799564
-799652
-799496
-799448
-799260
-799236
-799376
-799496
-799536
-799368
-799300
-799296
-799204
-799168
-799080
-799204
-799392
-799432
-799464
-799456
-799340
-799516
-799688
-799724
-799760
-799660
-799528
-799416
-799476
-799412
-799336
-799320
-799408
-799332
-799344
-799412
-799500
-799312
-799480
-799492
-799236
-799380
-799356
-799260
-799300
-799384
-799368
-799344
-799252
-799248
-799304
-799304
-799560
-799644
-799692
-799936
-799900
-799920
-799840
-799804
-799880
-799820
-799788
-799668
-799780
-799556
-799580
-799568
-799624
-799644
-799688
-799572
-799536
-799596
-799616
-799588
-799496
-799496
-799408
-799320
-799412
-799208
-799284
-799200
-799152
-799132
-799116
-799180
-799024
-798960
-799028
-799060
-799088
-798984
-798984
-799228
-799152
-799268
-799192
-799180
-798840
-798820
-798776
-798748
-798776
-798884
-798856
-798860
-798836
-798856
-798904
-798984
-799000
-798972
-798948
-798812
-798692
-798608
-798880
-798792
-798632
-798488
-798520
-798420
-798408
-798512
-798468
-798480
-798548
-798592
-798316
-798336
-798804
-798816
-798756
-798676
-798764
-798744
-798808
-798704
-798820
-798844
-798720
-798820
-798804
-798756
-798780
-798764
-798692
-798760
-798624
-798724
-798796
-798836
-798816
-798784
-798808
-798868
-798880
-798948
-798820
-798840
-798888
-799136
-799052
-799004
-799160
-799164
-799152
-799060
-799092
-798968
-798932
-799084
-799156
-799104
-798948
-799040
-798984
-798936
-798868
-798852
-799028
-799128
-799008
-799132
-799040
-799128
-798944
-799100
-799116
-799092
-799188
-799236
-799152
-799092
-799216
-799096
-798948
-798952
-798820
-798680
-798580
-798704
-798608
-798828
-798996
-798936
-799044
-799116
-799120
-799296
-799288
-799300
-799276
-799324
-799272
-799240
-799240
-799100
-799076
-798968
-798916
-799012
-799008
-798848
-798968
-798928
-799088
-799140
-799188
-798996
-799040
-798988
-799116
-799140
-799116
-799228
-799016
-798936
-799016
-798992
-798856
-798768
-798772
-798704
-798640
-798756
-798916
-798972
-799216
-799392
-799360
-799408
-799440
-799440
-799416
-799404
-799352
-799256
-799252
-799320
-799436
-799308
-799284
-799228
-799172
-799188
-799160
-799184
-799228
-799188
-799200
-799096
-799104
-798976
-798952
-798940
-798896
-798980
-798896
-798916
-798864
-798676
-798732
-798772
-798820
-798820
-798720
-798652
-798424
-798396
-798504
-798604
-798556
-798524
-798432
-798476
-798532
-798656
-798616
-798700
-798824
-798700
-798712
-798852
-798828
-799016
-799060
-799144
-799224
-799160
-799492
-799544
-799440
-799424
-799276
-799500
-799444
-799352
-799312
-799476
-799408
-799396
-799420
-799492
-799560
-799412
-799476
-799472
-799576
-799760
-799844
-799976
-800088
-799960
-799872
-799772
-799940
-799868
-799904
-800000
-800024
-799996
-800056
-800100
-800412
-800464
-800504
-800456
-800536
-800576
-800724
-801024
-801056
-801112
-801180
-801108
-801168
-801204
-801156
-801276
-801208
-801352
-801068
-801020
-801188
-801172
-801092
-801072
-801100
-800996
-801084
-801176
-801236
-801308
-801256
-801360
-801372
-801424
-801448
-801384
-801288
-801256
-801364
-801364
-801328
-801504
-801424
-801588
-801492
-801336
-801456
-801392
-801260
-801300
-801416
-801424
-801448
-801460
-801460
-801444
-801428
-801472
-801428
-801320
-801452
-801204
-801188
-800920
-800748
-800816
-800648
-800552
-800668
-800632
-800692
-800668
-800624
-800720
-800700
-800600
-800464
-800388
-800344
-800340
-800360
-800164
-800184
-799956
-799928
-799944
-799996
-799908
-799964
-799936
-800004
-800040
-800052
-800036
-800068
-800136
-800184
-800152
-800128
-800124
-800156
-800180
-800152
-800176
-800200
-800148
-800360
-800520
-800368
-800476
-800600
-800576
-800724
-800636
-800436
-800536
-800528
-800696
-800756
-800636
-800584
-800588
-800508
-800596
-800600
-800544
-800444
-800320
-800328
-800376
-800484
-800396
-800388
-800408
-800468
-800452
-800588
-800452
-800616
-800552
-800632
-800516
-800428
-800384
-800296
-800144
-800108
-800044
-800060
-800080
-800064
-800080
-800176
-800088
-800072
-800224
-800248
-800304
-800260
-800236
-800220
-800176
-800216
-800480
-800500
-800404
-800436
-800316
-800296
-800456
-800504
-800460
-800332
-800208
-800224
-800340
-800256
-800216
-800316
-800480
-800372
-800532
-800552
-800604
-800632
-800736
-800888
-800872
-800800
-800876
-801028
-801116
-801208
-801136
-801084
-801192
-801196
-801232
-800916
-800872
-800832
-800768
-800804
-800772
-800896
-800928
-800992
-800836
-800880
-801036
-800848
-801008
-801140
-801292
-801312
-801212
-801056
-801028
-801212
-801248
-801236
-801120
-801160
-801136
-801072
-801104
-800944
-801036
-801128
-801092
-800872
-800856
-800980
-800664
-800704
-800668
-800728
-800768
-800932
-800868
-800712
-800812
-800768
-800876
-800884
-800900
-800896
-800832
-800848
-800748
-800624
-800552
-800524
-800516
-800576
-800708
-800812
-800820
-800872
-800852
-800872
-800908
-801076
-800684
-800732
-800728
-800648
-800628
-800696
-800740
-800624
-800704
-800640
-800472
-800440
-800592
-800912
-800944
-800924
-800916
-800924
-800968
-800868
-800888
-800948
-800988
-801032
-801076
-800792
-800796
-800804
-800788
-800624
-800304
-800352
-800296
-800188
-800288
-800304
-800412
-800428
-800656
-800520
-800548
-800568
-800476
-800464
-800368
-800404
-800376
-800364
-800356
-800416
-800508
-800748
-800760
-800780
-800936
-800984
-801088
-801052
-800960
-800996
-800992
-800880
-800764
-800732
-800656
-800676
-800528
-800468
-800532
-800608
-800540
-800492
-800372
-800424
-800376
-800328
-800392
-800480
-800364
-800444
-800520
-800616
-800392
-800436
-800584
-800720
-800780
-800748
-800724
-800644
-800548
-800508
-800544
-800836
-800836
-800808
-800892
-800968
-800944
-800868
-800652
-800648
-800684
-800640
-800600
-800540
-800588
-800688
-800548
-800488
-800648
-800596
-800548
-800580
-800636
-800592
-800620
-800552
-800504
-800564
-800512
-800552
-800264
-800280
-800512
-800572
-800696
-800680
-800648
-800840
-800788
-800692
-800616
-800420
-800272
-800372
-800412
-800492
-800496
-800468
-800480
-800388
-800428
-800196
-800156
-800072
-800060
-800008
-799928
-799820
-799784
-799776
-799804
-799864
-799740
-800036
-800048
-800152
-800172
-800164
-800096
-800084
-799992
-799992
-800188
-800324
-800184
-800176
-800276
-800292
-800280
-800396
-800500
-800404
-800488
-800676
-800584
-800296
-800260
-800364
-800312
-800260
-800332
-800256
-800260
-800384
-800280
-800284
-800192
-800232
-800208
-800028
-800176
-800096
-800112
-800020
-800192
-800092
-799944
-800044
-800000
-799924
-799960
-799884
-800160
-800156
-800116
-800360
-800396
-800308
-800284
-800300
-800236
-800260
-800380
-800356
-800452
-800296
-800320
-800476
-800428
-800564
-800592
-800716
-800708
-800688
-800744
-800636
-800504
-800552
-800820
-800808
-800856
-800840
-800776
-800688
-800844
-800720
-800740
-800680
-800588
-800492
-800576
-800732
-800612
-800680
-800728
-800684
-800660
-800604
-800620
-800596
-800672
-800704
-800528
-800896
-800912
-801104
-801208
-801188
-800940
-800840
-800780
-800864
-800820
-800896
-800760
-800676
-800604
-800740
-800816
-800944
-800940
-800900
-800912
-800928
-800952
-800864
-800828
-801016
-800936
-800948
-801020
-800972
-800848
-801020
-801076
-801000
-800992
-801020
-801160
-801048
-801004
-800932
-800900
-800900
-800688
-800564
-800340
-800228
-800116
-800144
-800088
-800172
-800236
-800320
-800304
-800368
-800380
-800272
-800332
-800268
-800252
-800292
-800400
-800308
-800248
-800200
-800288
-800336
-800320
-800328
-800192
-800244
-800212
-800052
-799924
-799684
-799624
-799640
-799728
-799864
-799872
-799840
-799708
-799620
-799668
-799588
-799736
-799780
-799692
-799680
-799660
-799568
-799596
-799612
-799648
-799772
-799720
-799744
-799784
-799852
-799908
-799652
-799624
-799552
-799472
-799392
-799172
-799320
-799296
-799292
-799392
-799548
-799760
-799696
-799696
-799612
-799744
-799644
-799524
-799520
-799484
-799376
-799260
-799188
-798976
-799024
-799020
-798800
-798700
-798860
-798856
-798908
-799000
-798760
-798744
-798812
-798712
-798664
-798736
-798728
-798780
-798816
-798816
-799052
-799156
-799228
-799124
-799212
-799072
-799084
-799124
-799080
-799088
-798844
-798888
-798884
-798928
-798536
-798536
-798492
-798524
-798468
-798516
-798708
-798620
-798592
-798636
-798504
-798484
-798628
-798732
-798592
-798632
-798776
-798700
-798560
-798440
-798412
-798380
-798376
-798304
-798320
-798360
-798316
-798272
-798304
-798156
-798136
-798340
-798268
-798324
-798324
-798440
-798508
-798336
-798368
-798340
-798396
-798376
-798516
-798580
-798656
-798748
-798736
-798700
-798636
-798656
-798688
-798584
-798680
-798728
-798812
-798932
-798808
-798740
-798616
-798552
-798604
-798632
-798748
-798660
-798716
-798668
-798752
-798780
-798788
-798732
-798840
-798792
-798876
-798880
-798792
-798980
-798996
-799020
-799060
-799128
-799104
-799036
-798980
-798976
-799028
-799020
-799292
-799508
-799576
-799372
-799356
-799288
-799308
-799256
-799232
-799232
-799412
-799276
-799160
-799344
-799348
-799172
-798908
-798832
-798948
-798876
-798876
-798904
-798832
-798948
-798816
-798708
-798608
-798768
-798736
-798780
-798968
-798988
-798988
-798884
-798948
-798848
-798848
-798980
-798920
-798920
-799072
-799012
-798976
-799052
-799032
-798980
-798940
-799044
-799040
-799040
-799124
-798828
-798932
-798996
-799048
-799088
-799084
-798984
-799140
-799328
-799376
-799500
-799604
-799548
-799656
-799652
-799820
-799736
-799760
-799968
-799992
-799932
-799916
-799916
-800116
-800164
-800028
-800052
-800008
-799760
-799796
-799848
-799840
-799768
-799864
-799916
-800024
-800044
-799736
-799824
-799904
-799960
-799900
-799440
-799612
-799424
-799460
-799412
-799416
-799428
-799208
-799276
-799156
-799076
-799184
-799068
-799092
-799076
-799080
-799044
-799108
-799132
-799140
-799184
-799164
-799064
-798876
-798952
-799196
-799160
-799004
-799044
-799084
-799048
-798868
-798684
-798748
-798764
-798828
-798732
-798740
-798832
-798452
-798420
-798492
-798608
-798600
-798804
-798884
-798796
-798996
-798912
-799028
-799040
-798884
-798908
-798848
-798816
-798548
-798380
-798364
-798468
-798468
-798460
-798376
-798376
-798316
-798440
-798456
-798376
-798360
-798296
-798400
-798296
-798304
-798416
-798416
-798320
-798292
-798352
-798404
-798472
-798340
-798352
-798200
-798232
-798344
-798280
-798280
-798256
-798172
-798276
-798296
-798336
-798348
-798116
-798068
-797980
-797968
-797976
-797952
-798072
-798172
-798196
-798176
-798232
-798200
-797988
-797964
-797996
-798084
-798084
-798104
-798180
-798180
-798068
-798140
-798076
-798096
-797912
-797860
-797832
-797888
-797804
-797972
-797908
-797828
-797784
-797776
-797932
-798016
-798088
-798144
-798100
-798080
-798168
-798124
-798040
-797928
-797948
-798152
-798164
-798128
-798144
-798116
-798240
-798128
-798224
-798268
-797976
-798032
-798140
-798140
-798260
-798308
-798432
-798532
-798512
-798496
-798416
-798444
-798384
-798304
-798224
-798236
-797932
-797968
-797996
-797928
-797948
-797968
-797968
-798168
-798104
-797916
-797896
-798012
-797964
-798044
-798008
-798152
-798276
-798280
-798212
-798288
-798452
-798644
-798744
-798688
-798756
-798808
-798984
-798976
-798900
-798892
-799064
-798944
-798744
-798672
-798568
-798612
-798576
-798544
-798680
-798524
-798604
-798516
-798564
-798776
-798828
-798840
-798880
-798908
-798880
-798840
-799228
-799216
-799184
-798992
-798936
-798932
-798936
-798864
-798832
-798744
-798728
-798520
-798472
-798372
-798532
-798512
-798472
-798536
-798548
-798468
-798548
-798468
-798296
-798256
-798284
-798308
-798324
-798368
-798152
-798256
-798196
-798284
-798412
-798388
-798312
-798380
-798624
-798604
-798660
-798760
-798724
-798748
-798804
-798612
-798528
-798484
-798460
-798556
-798668
-798560
-798604
-798592
-798544
-798580
-798468
-798540
-798524
-798600
-798572
-798488
-798284
-798280
-798264
-798176
-798260
-798116
-798044
-798072
-798140
-798040
-798192
-798328
-798268
-798152
-798184
-798132
-798180
-798100
-798080
-797952
-797820
-797916
-797876
-797932
-797824
-797928
-797828
-798048
-798060
-797976
-797992
-797948
-797920
-797788
-797772
-797708
-797348
-797300
-797568
-797716
-797640
-797688
-797752
-797804
-797700
-797776
-797748
-797688
-797716
-797740
-797676
-797748
-797720
-797760
-797736
-797752
-797764
-797584
-797156
-797056
-797060
-797076
-796820
-796772
-796752
-796964
-796900
-796864
-796896
-796520
-796560
-796592
-796520
-796560
-796576
-796640
-796752
-796740
-796800
-796760
-796660
-796776
-796880
-796948
-797060
-797148
-797188
-797144
-797208
-797248
-797352
-797176
-797152
-797292
-797344
-797396
-797460
-797432
-797316
-797272
-797368
-797328
-797400
-797312
-797424
-797464
-797444
-797308
-797416
-797348
-797480
-797468
-797664
-797788
-797760
-797780
-797696
-797888
-797900
-797916
-797924
-797948
-798064
-798244
-798356
-798108
-798080
-798164
-798284
-798188
-798212
-798340
-798452
-798364
-798300
-798060
-798068
-798044
-798048
-798044
-798060
-798076
-798096
-798092
-798288
-798120
-797984
-798144
-798100
-798160
-798276
-798424
-798468
-798388
-798288
-798124
-798288
-798244
-798180
-798136
-798324
-798364
-798312
-798356
-798460
-798460
-798452
-798500
-798708
-798656
-798516
-798552
-798640
-798692
-798656
-798704
-798672
-798700
-798732
-798628
-798724
-798712
-798644
-798544
-798492
-798356
-798412
-798316
-798428
-798472
-798360
-798408
-798436
-798352
-798288
-798372
-798376
-798280
-798316
-798272
-798120
-798348
-798424
-798392
-798460
-798520
-798648
-798764
-798848
-798844
-798676
-798800
-799020
-799044
-799268
-799368
-799408
-799536
-799488
-799704
-799708
-799700
-799820
-799840
-799788
-799768
-799812
-799884
-799884
-799828
-800004
-800104
-800368
-800572
-800592
-800544
-800496
-800504
-800360
-800216
-800248
-800064
-800076
-800164
-799984
-799888
-799800
-799780
-799828
-799748
-799752
-799748
-799688
-799608
-799640
-799600
-799428
-799592
-799436
-799348
-799392
-799472
-799384
-799380
-799320
-799136
-799268
-799432
-799412
-799572
-799448
-799476
-799244
-799164
-799196
-799224
-799036
-799024
-799108
-798908
-798872
-798856
-798772
-798832
-798856
-798824
-798704
-798652
-798440
-798036
-797860
-797792
-797788
-797880
-797884
-798152
-798180
-798060
-798088
-797900
-797912
-797996
-797920
-797776
-797804
-797784
-797796
-797984
-798036
-798148
-798112
-798072
-798340
-798296
-798040
-798104
-798144
-797900
-797892
-797864
-797740
-797680
-797816
-797840
-797960
-797984
-798000
-797916
-797920
-797840
-797836
-797884
-797720
-797724
-797752
-797860
-797872
-797736
-797568
-797508
-797380
-797352
-797176
-797252
-797172
-796912
-796924
-796720
-796708
-796580
-796544
-796476
-796316
-796404
-796328
-796480
-796428
-796372
-796376
-796404
-796364
-796452
-796420
-796260
-796356
-796284
-796280
-796556
-796464
-796476
-796464
-796544
-796764
-796608
-796664
-796812
-796940
-797056
-796868
-796920
-796896
-796956
-797016
-797008
-797160
-797160
-797300
-797252
-797332
-797364
-797316
-797352
-797356
-797384
-797344
-797332
-797372
-797292
-797188
-797052
-796964
-796960
-797100
-797228
-797304
-797216
-797368
-797344
-797576
-797512
-797400
-797396
-797348
-797360
-797260
-797364
-797308
-797364
-797256
-797104
-797204
-797184
-797112
-797000
-796928
-796920
-797016
-796944
-796864
-796792
-796776
-796844
-796840
-796924
-796908
-796932
-796892
-796976
-796964
-797044
-797148
-797292
-797320
-797404
-797248
-797300
-797268
-797216
-797312
-797396
-797424
-797312
-797168
-797256
-797172
-797576
-797568
-797564
-797684
-797648
-797736
-797676
-797680
-797628
-797608
-797560
-797688
-797712
-797756
-797712
-797472
-797560
-797728
-797764
-797732
-797692
-797664
-797896
-797868
-797940
-798220
-798124
-798156
-798256
-798220
-798244
-798240
-798328
-798380
-798468
-798560
-798624
-798664
-798504
-798436
-798548
-798476
-798380
-798376
-798324
-798380
-798336
-798280
-798144
-798012
-798048
-798048
-797980
-798012
-798060
-798000
-797968
-798080
-798012
-797920
-798032
-798000
-797820
-797872
-797908
-797844
-797836
-798016
-798088
-798048
-797940
-798044
-798092
-797940
-798184
-798028
-798008
-797912
-797888
-797928
-798080
-798060
-798208
-798252
-798276
-798152
-798076
-798012
-798164
-798212
-798312
-798328
-798428
-798368
-798308
-798404
-798504
-798336
-798548
-798592
-798504
-798536
-798408
-798460
-798464
-798396
-798496
-798488
-798540
-798388
-798300
-798196
-798148
-797908
-797796
-797912
-797896
-797776
-797696
-797844
-797772
-797568
-797492
-797536
-797436
-797412
-797416
-797472
-797356
-797368
-797464
-797504
-797428
-797340
-797308
-797300
-797408
-797364
-797372
-797316
-797424
-797388
-797436
-797328
-797396
-797552
-797540
-797552
-797484
-797324
-797520
-797560
-797620
-797776
-797872
-797756
-797876
-797888
-797820
-797624
-797612
-797728
-797720
-797552
-797736
-797756
-797740
-797644
-797616
-797628
-797628
-797748
-797724
-797712
-797576
-797592
-797536
-797516
-797428
-797752
-797716
-797652
-797708
-797712
-797936
-797696
-797720
-797684
-797708
-797604
-797496
-797328
-797312
-797284
-797340
-797384
-797372
-797372
-797388
-797420
-797476
-797536
-797440
-797448
-797408
-797428
-797508
-797528
-797472
-797432
-797568
-797476
-797464
-797528
-797392
-797188
-797232
-797060
-797012
-797012
-796944
-796972
-797036
-797028
-796976
-797020
-797004
-797052
-797084
-797220
-797264
-797116
-796992
-796824
-796864
-796880
-796876
-796796
-796564
-796404
-796508
-796512
-796588
-796972
-797120
-797276
-797276
-797300
-797260
-797484
-797332
-797420
-797312
-797404
-797440
-797244
-797152
-797104
-797280
-797360
-797412
-797160
-797140
-797248
-797328
-797356
-797384
-797388
-797460
-797420
-797396
-797484
-797476
-797540
-797676
-797676
-797820
-797916
